chr start end read_depth
5 0 50000 101658
5 50000 100000 122771
5 100000 150000 124850
5 150000 200000 107412
5 200000 250000 124423
5 250000 300000 123261
5 300000 350000 115470
5 350000 400000 117334
5 400000 450000 127409
5 450000 500000 109796
5 500000 550000 100739
5 550000 600000 109817
5 600000 650000 114513
5 650000 700000 107919
5 700000 750000 154222
5 750000 800000 153250
5 800000 850000 154186
5 850000 900000 109680
5 900000 950000 125730
5 950000 1000000 120918
5 1000000 1050000 99917
5 1050000 1100000 101688
5 1100000 1150000 107712
5 1150000 1200000 108542
5 1200000 1250000 105663
5 1250000 1300000 115049
5 1300000 1350000 118287
5 1350000 1400000 112094
5 1400000 1450000 100409
5 1450000 1500000 110353
5 1500000 1550000 121136
5 1550000 1600000 124663
5 1600000 1650000 121033
5 1650000 1700000 115332
5 1700000 1750000 120592
5 1750000 1800000 117512
5 1800000 1850000 118791
5 1850000 1900000 99056
5 1900000 1950000 112402
5 1950000 2000000 119809
5 2000000 2050000 118446
5 2050000 2100000 129641
5 2100000 2150000 125152
5 2150000 2200000 117604
5 2200000 2250000 126475
5 2250000 2300000 115445
5 2300000 2350000 123592
5 2350000 2400000 118633
5 2400000 2450000 125882
5 2450000 2500000 128494
5 2500000 2550000 117722
5 2550000 2600000 133370
5 2600000 2650000 128438
5 2650000 2700000 130106
5 2700000 2750000 116355
5 2750000 2800000 128588
5 2800000 2850000 122435
5 2850000 2900000 126093
5 2900000 2950000 138622
5 2950000 3000000 133975
5 3000000 3050000 121139
5 3050000 3100000 123010
5 3100000 3150000 121902
5 3150000 3200000 131905
5 3200000 3250000 118197
5 3250000 3300000 124143
5 3300000 3350000 119504
5 3350000 3400000 121139
5 3400000 3450000 128984
5 3450000 3500000 134875
5 3500000 3550000 114965
5 3550000 3600000 131453
5 3600000 3650000 119302
5 3650000 3700000 124797
5 3700000 3750000 123589
5 3750000 3800000 120247
5 3800000 3850000 129259
5 3850000 3900000 127604
5 3900000 3950000 135251
5 3950000 4000000 130792
5 4000000 4050000 119585
5 4050000 4100000 129342
5 4100000 4150000 129624
5 4150000 4200000 122094
5 4200000 4250000 130629
5 4250000 4300000 131643
5 4300000 4350000 137693
5 4350000 4400000 140097
5 4400000 4450000 134329
5 4450000 4500000 127116
5 4500000 4550000 132537
5 4550000 4600000 131982
5 4600000 4650000 131842
5 4650000 4700000 137395
5 4700000 4750000 134165
5 4750000 4800000 139620
5 4800000 4850000 143427
5 4850000 4900000 122672
5 4900000 4950000 132743
5 4950000 5000000 134142
5 5000000 5050000 130090
5 5050000 5100000 133793
5 5100000 5150000 134559
5 5150000 5200000 129286
5 5200000 5250000 134690
5 5250000 5300000 124487
5 5300000 5350000 108715
5 5350000 5400000 116337
5 5400000 5450000 129287
5 5450000 5500000 131589
5 5500000 5550000 130047
5 5550000 5600000 122378
5 5600000 5650000 132392
5 5650000 5700000 143315
5 5700000 5750000 131612
5 5750000 5800000 124304
5 5800000 5850000 131303
5 5850000 5900000 132731
5 5900000 5950000 136475
5 5950000 6000000 137457
5 6000000 6050000 130219
5 6050000 6100000 130385
5 6100000 6150000 123355
5 6150000 6200000 130620
5 6200000 6250000 124924
5 6250000 6300000 133988
5 6300000 6350000 119233
5 6350000 6400000 120310
5 6400000 6450000 122785
5 6450000 6500000 120154
5 6500000 6550000 109093
5 6550000 6600000 125743
5 6600000 6650000 115736
5 6650000 6700000 97608
5 6700000 6750000 93092
5 6750000 6800000 113505
5 6800000 6850000 120725
5 6850000 6900000 128426
5 6900000 6950000 129924
5 6950000 7000000 130841
5 7000000 7050000 138642
5 7050000 7100000 131030
5 7100000 7150000 129770
5 7150000 7200000 132709
5 7200000 7250000 131455
5 7250000 7300000 135256
5 7300000 7350000 128258
5 7350000 7400000 135899
5 7400000 7450000 127010
5 7450000 7500000 131891
5 7500000 7550000 124606
5 7550000 7600000 141204
5 7600000 7650000 137241
5 7650000 7700000 122545
5 7700000 7750000 135751
5 7750000 7800000 125331
5 7800000 7850000 123788
5 7850000 7900000 120654
5 7900000 7950000 136522
5 7950000 8000000 131823
5 8000000 8050000 130516
5 8050000 8100000 137272
5 8100000 8150000 139648
5 8150000 8200000 127291
5 8200000 8250000 124723
5 8250000 8300000 127288
5 8300000 8350000 137368
5 8350000 8400000 141367
5 8400000 8450000 134639
5 8450000 8500000 146964
5 8500000 8550000 138328
5 8550000 8600000 133717
5 8600000 8650000 139384
5 8650000 8700000 133280
5 8700000 8750000 126647
5 8750000 8800000 133574
5 8800000 8850000 138774
5 8850000 8900000 135812
5 8900000 8950000 138661
5 8950000 9000000 143367
5 9000000 9050000 125735
5 9050000 9100000 128148
5 9100000 9150000 133662
5 9150000 9200000 119094
5 9200000 9250000 137052
5 9250000 9300000 114676
5 9300000 9350000 131945
5 9350000 9400000 138023
5 9400000 9450000 129604
5 9450000 9500000 125554
5 9500000 9550000 121334
5 9550000 9600000 122256
5 9600000 9650000 132321
5 9650000 9700000 139200
5 9700000 9750000 126569
5 9750000 9800000 134368
5 9800000 9850000 141597
5 9850000 9900000 127981
5 9900000 9950000 123217
5 9950000 10000000 133018
5 10000000 10050000 120569
5 10050000 10100000 127379
5 10100000 10150000 121706
5 10150000 10200000 125773
5 10200000 10250000 125067
5 10250000 10300000 118313
5 10300000 10350000 139470
5 10350000 10400000 135381
5 10400000 10450000 129683
5 10450000 10500000 108239
5 10500000 10550000 118775
5 10550000 10600000 121272
5 10600000 10650000 115302
5 10650000 10700000 117177
5 10700000 10750000 116113
5 10750000 10800000 120921
5 10800000 10850000 134136
5 10850000 10900000 128172
5 10900000 10950000 132165
5 10950000 11000000 120314
5 11000000 11050000 134919
5 11050000 11100000 125445
5 11100000 11150000 132037
5 11150000 11200000 134859
5 11200000 11250000 126566
5 11250000 11300000 131844
5 11300000 11350000 125983
5 11350000 11400000 133311
5 11400000 11450000 141562
5 11450000 11500000 127499
5 11500000 11550000 127463
5 11550000 11600000 134871
5 11600000 11650000 138812
5 11650000 11700000 138220
5 11700000 11750000 133826
5 11750000 11800000 126756
5 11800000 11850000 143668
5 11850000 11900000 138523
5 11900000 11950000 133591
5 11950000 12000000 140786
5 12000000 12050000 138486
5 12050000 12100000 142256
5 12100000 12150000 149289
5 12150000 12200000 147916
5 12200000 12250000 151622
5 12250000 12300000 133202
5 12300000 12350000 150330
5 12350000 12400000 140698
5 12400000 12450000 147986
5 12450000 12500000 136722
5 12500000 12550000 142147
5 12550000 12600000 148365
5 12600000 12650000 153187
5 12650000 12700000 148283
5 12700000 12750000 152542
5 12750000 12800000 147535
5 12800000 12850000 115297
5 12850000 12900000 135456
5 12900000 12950000 140067
5 12950000 13000000 137787
5 13000000 13050000 154651
5 13050000 13100000 150668
5 13100000 13150000 136923
5 13150000 13200000 132870
5 13200000 13250000 142076
5 13250000 13300000 139293
5 13300000 13350000 136365
5 13350000 13400000 132045
5 13400000 13450000 135138
5 13450000 13500000 138419
5 13500000 13550000 129814
5 13550000 13600000 137431
5 13600000 13650000 135239
5 13650000 13700000 133655
5 13700000 13750000 141013
5 13750000 13800000 139425
5 13800000 13850000 135866
5 13850000 13900000 140678
5 13900000 13950000 134707
5 13950000 14000000 122069
5 14000000 14050000 118376
5 14050000 14100000 140015
5 14100000 14150000 127250
5 14150000 14200000 138361
5 14200000 14250000 127221
5 14250000 14300000 135394
5 14300000 14350000 134980
5 14350000 14400000 127928
5 14400000 14450000 117597
5 14450000 14500000 124537
5 14500000 14550000 134074
5 14550000 14600000 128616
5 14600000 14650000 140923
5 14650000 14700000 130632
5 14700000 14750000 119007
5 14750000 14800000 123135
5 14800000 14850000 128813
5 14850000 14900000 129075
5 14900000 14950000 130179
5 14950000 15000000 129691
5 15000000 15050000 132762
5 15050000 15100000 135249
5 15100000 15150000 140882
5 15150000 15200000 139609
5 15200000 15250000 150325
5 15250000 15300000 131590
5 15300000 15350000 139507
5 15350000 15400000 130012
5 15400000 15450000 137008
5 15450000 15500000 135485
5 15500000 15550000 127390
5 15550000 15600000 133479
5 15600000 15650000 137861
5 15650000 15700000 128038
5 15700000 15750000 141941
5 15750000 15800000 129563
5 15800000 15850000 130414
5 15850000 15900000 138370
5 15900000 15950000 133924
5 15950000 16000000 133842
5 16000000 16050000 129464
5 16050000 16100000 135874
5 16100000 16150000 136773
5 16150000 16200000 130325
5 16200000 16250000 134460
5 16250000 16300000 137185
5 16300000 16350000 145831
5 16350000 16400000 133978
5 16400000 16450000 122956
5 16450000 16500000 130487
5 16500000 16550000 128525
5 16550000 16600000 130680
5 16600000 16650000 117594
5 16650000 16700000 118836
5 16700000 16750000 126761
5 16750000 16800000 130999
5 16800000 16850000 125628
5 16850000 16900000 126747
5 16900000 16950000 126574
5 16950000 17000000 124828
5 17000000 17050000 129959
5 17050000 17100000 127369
5 17100000 17150000 130140
5 17150000 17200000 127145
5 17200000 17250000 123929
5 17250000 17300000 130960
5 17300000 17350000 132274
5 17350000 17400000 130487
5 17400000 17450000 126260
5 17450000 17500000 138520
5 17500000 17550000 293125
5 17550000 17600000 261882
5 17600000 17650000 122716
5 17650000 17700000 135495
5 17700000 17750000 133679
5 17750000 17800000 136682
5 17800000 17850000 147132
5 17850000 17900000 131425
5 17900000 17950000 154757
5 17950000 18000000 139198
5 18000000 18050000 141699
5 18050000 18100000 143110
5 18100000 18150000 144452
5 18150000 18200000 133197
5 18200000 18250000 153296
5 18250000 18300000 131671
5 18300000 18350000 131313
5 18350000 18400000 140093
5 18400000 18450000 143206
5 18450000 18500000 142671
5 18500000 18550000 131874
5 18550000 18600000 140426
5 18600000 18650000 133828
5 18650000 18700000 152887
5 18700000 18750000 139079
5 18750000 18800000 141563
5 18800000 18850000 143649
5 18850000 18900000 145271
5 18900000 18950000 157166
5 18950000 19000000 140666
5 19000000 19050000 137148
5 19050000 19100000 142236
5 19100000 19150000 146196
5 19150000 19200000 136579
5 19200000 19250000 136036
5 19250000 19300000 130736
5 19300000 19350000 133907
5 19350000 19400000 141173
5 19400000 19450000 137072
5 19450000 19500000 137946
5 19500000 19550000 144394
5 19550000 19600000 147438
5 19600000 19650000 148784
5 19650000 19700000 147203
5 19700000 19750000 122544
5 19750000 19800000 135888
5 19800000 19850000 144981
5 19850000 19900000 139727
5 19900000 19950000 139508
5 19950000 20000000 151050
5 20000000 20050000 139870
5 20050000 20100000 142299
5 20100000 20150000 139177
5 20150000 20200000 144302
5 20200000 20250000 156222
5 20250000 20300000 152824
5 20300000 20350000 133085
5 20350000 20400000 147405
5 20400000 20450000 143226
5 20450000 20500000 144212
5 20500000 20550000 140799
5 20550000 20600000 141867
5 20600000 20650000 132245
5 20650000 20700000 147147
5 20700000 20750000 141293
5 20750000 20800000 140806
5 20800000 20850000 143294
5 20850000 20900000 132837
5 20900000 20950000 161856
5 20950000 21000000 140208
5 21000000 21050000 154382
5 21050000 21100000 145005
5 21100000 21150000 137599
5 21150000 21200000 145591
5 21200000 21250000 142170
5 21250000 21300000 134799
5 21300000 21350000 140815
5 21350000 21400000 135556
5 21400000 21450000 142847
5 21450000 21500000 191535
5 21500000 21550000 216983
5 21550000 21600000 192681
5 21600000 21650000 136633
5 21650000 21700000 144520
5 21700000 21750000 146775
5 21750000 21800000 148372
5 21800000 21850000 141024
5 21850000 21900000 144449
5 21900000 21950000 135133
5 21950000 22000000 152074
5 22000000 22050000 146499
5 22050000 22100000 137974
5 22100000 22150000 133795
5 22150000 22200000 138251
5 22200000 22250000 143047
5 22250000 22300000 138759
5 22300000 22350000 138693
5 22350000 22400000 141777
5 22400000 22450000 151122
5 22450000 22500000 145262
5 22500000 22550000 140620
5 22550000 22600000 144105
5 22600000 22650000 144929
5 22650000 22700000 144804
5 22700000 22750000 150473
5 22750000 22800000 139818
5 22800000 22850000 148296
5 22850000 22900000 148251
5 22900000 22950000 146310
5 22950000 23000000 146498
5 23000000 23050000 145941
5 23050000 23100000 145872
5 23100000 23150000 147921
5 23150000 23200000 143225
5 23200000 23250000 135362
5 23250000 23300000 146165
5 23300000 23350000 136035
5 23350000 23400000 155837
5 23400000 23450000 145147
5 23450000 23500000 147836
5 23500000 23550000 139795
5 23550000 23600000 155326
5 23600000 23650000 135150
5 23650000 23700000 139055
5 23700000 23750000 143687
5 23750000 23800000 139253
5 23800000 23850000 138908
5 23850000 23900000 140327
5 23900000 23950000 140683
5 23950000 24000000 136280
5 24000000 24050000 142833
5 24050000 24100000 136410
5 24100000 24150000 150303
5 24150000 24200000 139051
5 24200000 24250000 139530
5 24250000 24300000 145199
5 24300000 24350000 134909
5 24350000 24400000 133547
5 24400000 24450000 142818
5 24450000 24500000 144249
5 24500000 24550000 139698
5 24550000 24600000 144235
5 24600000 24650000 142715
5 24650000 24700000 134280
5 24700000 24750000 142177
5 24750000 24800000 147673
5 24800000 24850000 134772
5 24850000 24900000 138412
5 24900000 24950000 137137
5 24950000 25000000 143255
5 25000000 25050000 136960
5 25050000 25100000 134546
5 25100000 25150000 144082
5 25150000 25200000 138510
5 25200000 25250000 143321
5 25250000 25300000 141303
5 25300000 25350000 143568
5 25350000 25400000 141768
5 25400000 25450000 142424
5 25450000 25500000 145315
5 25500000 25550000 139063
5 25550000 25600000 148228
5 25600000 25650000 139499
5 25650000 25700000 133583
5 25700000 25750000 143614
5 25750000 25800000 141151
5 25800000 25850000 140950
5 25850000 25900000 145813
5 25900000 25950000 146383
5 25950000 26000000 145238
5 26000000 26050000 148674
5 26050000 26100000 144199
5 26100000 26150000 136386
5 26150000 26200000 144496
5 26200000 26250000 127623
5 26250000 26300000 141421
5 26300000 26350000 145294
5 26350000 26400000 148411
5 26400000 26450000 136778
5 26450000 26500000 137953
5 26500000 26550000 147324
5 26550000 26600000 149902
5 26600000 26650000 145320
5 26650000 26700000 138588
5 26700000 26750000 149709
5 26750000 26800000 141813
5 26800000 26850000 138866
5 26850000 26900000 141045
5 26900000 26950000 137256
5 26950000 27000000 138770
5 27000000 27050000 151605
5 27050000 27100000 140742
5 27100000 27150000 149764
5 27150000 27200000 156122
5 27200000 27250000 146805
5 27250000 27300000 148692
5 27300000 27350000 136124
5 27350000 27400000 143817
5 27400000 27450000 124620
5 27450000 27500000 145905
5 27500000 27550000 153260
5 27550000 27600000 141922
5 27600000 27650000 136808
5 27650000 27700000 139172
5 27700000 27750000 136318
5 27750000 27800000 143845
5 27800000 27850000 144827
5 27850000 27900000 152107
5 27900000 27950000 140561
5 27950000 28000000 145820
5 28000000 28050000 140706
5 28050000 28100000 142160
5 28100000 28150000 144867
5 28150000 28200000 135900
5 28200000 28250000 145165
5 28250000 28300000 140411
5 28300000 28350000 142316
5 28350000 28400000 151267
5 28400000 28450000 132294
5 28450000 28500000 139697
5 28500000 28550000 147357
5 28550000 28600000 140759
5 28600000 28650000 153357
5 28650000 28700000 141611
5 28700000 28750000 136972
5 28750000 28800000 136096
5 28800000 28850000 135460
5 28850000 28900000 144087
5 28900000 28950000 143459
5 28950000 29000000 126958
5 29000000 29050000 130905
5 29050000 29100000 139283
5 29100000 29150000 141349
5 29150000 29200000 142475
5 29200000 29250000 151016
5 29250000 29300000 144841
5 29300000 29350000 140261
5 29350000 29400000 142532
5 29400000 29450000 169350
5 29450000 29500000 136247
5 29500000 29550000 146357
5 29550000 29600000 146343
5 29600000 29650000 150689
5 29650000 29700000 139671
5 29700000 29750000 141323
5 29750000 29800000 140019
5 29800000 29850000 150548
5 29850000 29900000 141401
5 29900000 29950000 138662
5 29950000 30000000 151188
5 30000000 30050000 140268
5 30050000 30100000 139408
5 30100000 30150000 140946
5 30150000 30200000 136922
5 30200000 30250000 133701
5 30250000 30300000 155249
5 30300000 30350000 138977
5 30350000 30400000 153490
5 30400000 30450000 147072
5 30450000 30500000 137160
5 30500000 30550000 142964
5 30550000 30600000 150668
5 30600000 30650000 150635
5 30650000 30700000 139404
5 30700000 30750000 139504
5 30750000 30800000 138671
5 30800000 30850000 129144
5 30850000 30900000 129994
5 30900000 30950000 133077
5 30950000 31000000 136656
5 31000000 31050000 131863
5 31050000 31100000 130147
5 31100000 31150000 128700
5 31150000 31200000 133010
5 31200000 31250000 127463
5 31250000 31300000 130409
5 31300000 31350000 146125
5 31350000 31400000 121208
5 31400000 31450000 133449
5 31450000 31500000 133590
5 31500000 31550000 131385
5 31550000 31600000 127196
5 31600000 31650000 120354
5 31650000 31700000 126092
5 31700000 31750000 116027
5 31750000 31800000 120000
5 31800000 31850000 121969
5 31850000 31900000 119963
5 31900000 31950000 117021
5 31950000 32000000 119840
5 32000000 32050000 124165
5 32050000 32100000 121954
5 32100000 32150000 138630
5 32150000 32200000 141286
5 32200000 32250000 120034
5 32250000 32300000 125045
5 32300000 32350000 128621
5 32350000 32400000 137492
5 32400000 32450000 134984
5 32450000 32500000 120003
5 32500000 32550000 120682
5 32550000 32600000 123548
5 32600000 32650000 131022
5 32650000 32700000 125580
5 32700000 32750000 128857
5 32750000 32800000 121924
5 32800000 32850000 117256
5 32850000 32900000 133282
5 32900000 32950000 125480
5 32950000 33000000 123705
5 33000000 33050000 135540
5 33050000 33100000 133074
5 33100000 33150000 135466
5 33150000 33200000 138325
5 33200000 33250000 131442
5 33250000 33300000 137706
5 33300000 33350000 130853
5 33350000 33400000 132507
5 33400000 33450000 130210
5 33450000 33500000 134379
5 33500000 33550000 120673
5 33550000 33600000 131999
5 33600000 33650000 126169
5 33650000 33700000 137174
5 33700000 33750000 133072
5 33750000 33800000 134745
5 33800000 33850000 129486
5 33850000 33900000 144421
5 33900000 33950000 122955
5 33950000 34000000 125070
5 34000000 34050000 126569
5 34050000 34100000 135682
5 34100000 34150000 142320
5 34150000 34200000 320636
5 34200000 34250000 131176
5 34250000 34300000 143353
5 34300000 34350000 143655
5 34350000 34400000 146621
5 34400000 34450000 136006
5 34450000 34500000 115662
5 34500000 34550000 127856
5 34550000 34600000 122305
5 34600000 34650000 128483
5 34650000 34700000 117667
5 34700000 34750000 119625
5 34750000 34800000 124352
5 34800000 34850000 127101
5 34850000 34900000 133607
5 34900000 34950000 137105
5 34950000 35000000 129087
5 35000000 35050000 123579
5 35050000 35100000 126622
5 35100000 35150000 122159
5 35150000 35200000 132533
5 35200000 35250000 130804
5 35250000 35300000 132024
5 35300000 35350000 127930
5 35350000 35400000 134170
5 35400000 35450000 136246
5 35450000 35500000 138431
5 35500000 35550000 131020
5 35550000 35600000 133155
5 35600000 35650000 145473
5 35650000 35700000 133006
5 35700000 35750000 138639
5 35750000 35800000 135605
5 35800000 35850000 131191
5 35850000 35900000 133798
5 35900000 35950000 125835
5 35950000 36000000 125958
5 36000000 36050000 130480
5 36050000 36100000 123459
5 36100000 36150000 139072
5 36150000 36200000 137892
5 36200000 36250000 144366
5 36250000 36300000 123844
5 36300000 36350000 134211
5 36350000 36400000 120994
5 36400000 36450000 131420
5 36450000 36500000 138768
5 36500000 36550000 127465
5 36550000 36600000 124679
5 36600000 36650000 129287
5 36650000 36700000 128460
5 36700000 36750000 112306
5 36750000 36800000 131756
5 36800000 36850000 146756
5 36850000 36900000 139848
5 36900000 36950000 153173
5 36950000 37000000 147743
5 37000000 37050000 159866
5 37050000 37100000 131755
5 37100000 37150000 143098
5 37150000 37200000 137663
5 37200000 37250000 138171
5 37250000 37300000 123670
5 37300000 37350000 133520
5 37350000 37400000 136633
5 37400000 37450000 129291
5 37450000 37500000 130754
5 37500000 37550000 134791
5 37550000 37600000 139575
5 37600000 37650000 133403
5 37650000 37700000 130960
5 37700000 37750000 145448
5 37750000 37800000 130854
5 37800000 37850000 118873
5 37850000 37900000 119864
5 37900000 37950000 127038
5 37950000 38000000 136481
5 38000000 38050000 126225
5 38050000 38100000 141467
5 38100000 38150000 125302
5 38150000 38200000 136004
5 38200000 38250000 128949
5 38250000 38300000 126745
5 38300000 38350000 124137
5 38350000 38400000 124114
5 38400000 38450000 111528
5 38450000 38500000 131674
5 38500000 38550000 132041
5 38550000 38600000 122686
5 38600000 38650000 125301
5 38650000 38700000 125715
5 38700000 38750000 122454
5 38750000 38800000 140234
5 38800000 38850000 127260
5 38850000 38900000 128281
5 38900000 38950000 127015
5 38950000 39000000 137601
5 39000000 39050000 146284
5 39050000 39100000 140009
5 39100000 39150000 146337
5 39150000 39200000 132507
5 39200000 39250000 126679
5 39250000 39300000 147454
5 39300000 39350000 137666
5 39350000 39400000 122723
5 39400000 39450000 120222
5 39450000 39500000 137467
5 39500000 39550000 129824
5 39550000 39600000 142991
5 39600000 39650000 145078
5 39650000 39700000 143195
5 39700000 39750000 145159
5 39750000 39800000 136121
5 39800000 39850000 140527
5 39850000 39900000 132328
5 39900000 39950000 134108
5 39950000 40000000 141298
5 40000000 40050000 147492
5 40050000 40100000 135248
5 40100000 40150000 121323
5 40150000 40200000 135146
5 40200000 40250000 146699
5 40250000 40300000 140251
5 40300000 40350000 133864
5 40350000 40400000 131460
5 40400000 40450000 124849
5 40450000 40500000 136299
5 40500000 40550000 138111
5 40550000 40600000 129888
5 40600000 40650000 131586
5 40650000 40700000 135003
5 40700000 40750000 134483
5 40750000 40800000 136305
5 40800000 40850000 125662
5 40850000 40900000 128709
5 40900000 40950000 140284
5 40950000 41000000 125480
5 41000000 41050000 129381
5 41050000 41100000 136736
5 41100000 41150000 133638
5 41150000 41200000 140518
5 41200000 41250000 140101
5 41250000 41300000 129922
5 41300000 41350000 144146
5 41350000 41400000 139494
5 41400000 41450000 137751
5 41450000 41500000 132477
5 41500000 41550000 134105
5 41550000 41600000 132575
5 41600000 41650000 139578
5 41650000 41700000 133440
5 41700000 41750000 122132
5 41750000 41800000 134232
5 41800000 41850000 137146
5 41850000 41900000 123147
5 41900000 41950000 145001
5 41950000 42000000 141372
5 42000000 42050000 149586
5 42050000 42100000 144347
5 42100000 42150000 139043
5 42150000 42200000 136388
5 42200000 42250000 137164
5 42250000 42300000 136295
5 42300000 42350000 133537
5 42350000 42400000 134199
5 42400000 42450000 135388
5 42450000 42500000 130083
5 42500000 42550000 133244
5 42550000 42600000 131465
5 42600000 42650000 135229
5 42650000 42700000 136335
5 42700000 42750000 143813
5 42750000 42800000 145818
5 42800000 42850000 132565
5 42850000 42900000 130678
5 42900000 42950000 131844
5 42950000 43000000 130220
5 43000000 43050000 126895
5 43050000 43100000 115656
5 43100000 43150000 134072
5 43150000 43200000 139176
5 43200000 43250000 130127
5 43250000 43300000 127642
5 43300000 43350000 125997
5 43350000 43400000 125342
5 43400000 43450000 124235
5 43450000 43500000 145054
5 43500000 43550000 124082
5 43550000 43600000 120884
5 43600000 43650000 134378
5 43650000 43700000 129715
5 43700000 43750000 142646
5 43750000 43800000 131725
5 43800000 43850000 148890
5 43850000 43900000 144742
5 43900000 43950000 140264
5 43950000 44000000 134692
5 44000000 44050000 131013
5 44050000 44100000 140483
5 44100000 44150000 142108
5 44150000 44200000 138668
5 44200000 44250000 146029
5 44250000 44300000 131984
5 44300000 44350000 137218
5 44350000 44400000 130696
5 44400000 44450000 150234
5 44450000 44500000 138865
5 44500000 44550000 136046
5 44550000 44600000 129905
5 44600000 44650000 144385
5 44650000 44700000 129070
5 44700000 44750000 134779
5 44750000 44800000 136521
5 44800000 44850000 132007
5 44850000 44900000 144670
5 44900000 44950000 144377
5 44950000 45000000 139314
5 45000000 45050000 133879
5 45050000 45100000 147771
5 45100000 45150000 136248
5 45150000 45200000 144709
5 45200000 45250000 129574
5 45250000 45300000 138769
5 45300000 45350000 138479
5 45350000 45400000 138572
5 45400000 45450000 135890
5 45450000 45500000 146079
5 45500000 45550000 137688
5 45550000 45600000 134656
5 45600000 45650000 142717
5 45650000 45700000 130246
5 45700000 45750000 137491
5 45750000 45800000 134157
5 45800000 45850000 135209
5 45850000 45900000 141551
5 45900000 45950000 148127
5 45950000 46000000 168298
5 46000000 46050000 142555
5 46050000 46100000 201581
5 46100000 46150000 144806
5 46150000 46200000 136329
5 46200000 46250000 149824
5 46250000 46300000 164584
5 46300000 46350000 372711
5 46350000 46400000 351053
5 46400000 46450000 33800
5 46450000 46500000 1
5 46500000 46550000 1
5 46550000 46600000 1
5 46600000 46650000 2
5 46650000 46700000 3
5 46700000 46750000 3
5 46750000 46800000 4
5 46800000 46850000 4
5 46850000 46900000 5
5 46900000 46950000 5
5 46950000 47000000 6
5 47000000 47050000 7
5 47050000 47100000 7
5 47100000 47150000 7
5 47150000 47200000 8
5 47200000 47250000 8
5 47250000 47300000 9
5 47300000 47350000 12
5 47350000 47400000 13
5 47400000 47450000 13
5 47450000 47500000 15
5 47500000 47550000 15
5 47550000 47600000 16
5 47600000 47650000 16
5 47650000 47700000 17
5 47700000 47750000 17
5 47750000 47800000 18
5 47800000 47850000 19
5 47850000 47900000 22
5 47900000 47950000 22
5 47950000 48000000 24
5 48000000 48050000 24
5 48050000 48100000 26
5 48100000 48150000 26
5 48150000 48200000 27
5 48200000 48250000 27
5 48250000 48300000 28
5 48300000 48350000 29
5 48350000 48400000 30
5 48400000 48450000 30
5 48450000 48500000 30
5 48500000 48550000 32
5 48550000 48600000 32
5 48600000 48650000 34
5 48650000 48700000 34
5 48700000 48750000 35
5 48750000 48800000 36
5 48800000 48850000 36
5 48850000 48900000 36
5 48900000 48950000 36
5 48950000 49000000 36
5 49000000 49050000 36
5 49050000 49100000 36
5 49100000 49150000 36
5 49150000 49200000 36
5 49200000 49250000 39
5 49250000 49300000 40
5 49300000 49350000 43
5 49350000 49400000 43
5 49400000 49450000 1222450
5 49450000 49500000 323031
5 49500000 49550000 371007
5 49550000 49600000 158990
5 49600000 49650000 142777
5 49650000 49700000 133777
5 49700000 49750000 132446
5 49750000 49800000 128345
5 49800000 49850000 139692
5 49850000 49900000 138295
5 49900000 49950000 139443
5 49950000 50000000 134076
5 50000000 50050000 140597
5 50050000 50100000 140806
5 50100000 50150000 141252
5 50150000 50200000 143090
5 50200000 50250000 135448
5 50250000 50300000 136728
5 50300000 50350000 139682
5 50350000 50400000 145176
5 50400000 50450000 142605
5 50450000 50500000 145047
5 50500000 50550000 148856
5 50550000 50600000 136495
5 50600000 50650000 138871
5 50650000 50700000 129001
5 50700000 50750000 139137
5 50750000 50800000 143959
5 50800000 50850000 157526
5 50850000 50900000 141981
5 50900000 50950000 141808
5 50950000 51000000 138370
5 51000000 51050000 143954
5 51050000 51100000 144068
5 51100000 51150000 139087
5 51150000 51200000 152302
5 51200000 51250000 150027
5 51250000 51300000 140690
5 51300000 51350000 146445
5 51350000 51400000 136386
5 51400000 51450000 152584
5 51450000 51500000 142059
5 51500000 51550000 147981
5 51550000 51600000 144566
5 51600000 51650000 155002
5 51650000 51700000 141780
5 51700000 51750000 140584
5 51750000 51800000 153278
5 51800000 51850000 139574
5 51850000 51900000 135790
5 51900000 51950000 134227
5 51950000 52000000 146432
5 52000000 52050000 127780
5 52050000 52100000 143031
5 52100000 52150000 141878
5 52150000 52200000 135530
5 52200000 52250000 139833
5 52250000 52300000 132992
5 52300000 52350000 137446
5 52350000 52400000 130248
5 52400000 52450000 128204
5 52450000 52500000 135446
5 52500000 52550000 124770
5 52550000 52600000 133563
5 52600000 52650000 137160
5 52650000 52700000 147042
5 52700000 52750000 134198
5 52750000 52800000 127233
5 52800000 52850000 136758
5 52850000 52900000 141813
5 52900000 52950000 136614
5 52950000 53000000 136271
5 53000000 53050000 132411
5 53050000 53100000 126218
5 53100000 53150000 131315
5 53150000 53200000 130524
5 53200000 53250000 136704
5 53250000 53300000 126404
5 53300000 53350000 132067
5 53350000 53400000 129460
5 53400000 53450000 145510
5 53450000 53500000 131861
5 53500000 53550000 125749
5 53550000 53600000 132984
5 53600000 53650000 134578
5 53650000 53700000 138343
5 53700000 53750000 123749
5 53750000 53800000 130720
5 53800000 53850000 120815
5 53850000 53900000 122747
5 53900000 53950000 117126
5 53950000 54000000 141486
5 54000000 54050000 131376
5 54050000 54100000 125146
5 54100000 54150000 128353
5 54150000 54200000 126537
5 54200000 54250000 126846
5 54250000 54300000 139396
5 54300000 54350000 140218
5 54350000 54400000 138925
5 54400000 54450000 139755
5 54450000 54500000 136016
5 54500000 54550000 122365
5 54550000 54600000 141790
5 54600000 54650000 143722
5 54650000 54700000 131571
5 54700000 54750000 134031
5 54750000 54800000 144819
5 54800000 54850000 134513
5 54850000 54900000 130056
5 54900000 54950000 132325
5 54950000 55000000 135930
5 55000000 55050000 128685
5 55050000 55100000 149800
5 55100000 55150000 147436
5 55150000 55200000 128869
5 55200000 55250000 126824
5 55250000 55300000 142412
5 55300000 55350000 133193
5 55350000 55400000 123226
5 55400000 55450000 129004
5 55450000 55500000 131084
5 55500000 55550000 122793
5 55550000 55600000 127744
5 55600000 55650000 132703
5 55650000 55700000 131848
5 55700000 55750000 132072
5 55750000 55800000 114342
5 55800000 55850000 120154
5 55850000 55900000 130669
5 55900000 55950000 134956
5 55950000 56000000 132477
5 56000000 56050000 120674
5 56050000 56100000 93777
5 56100000 56150000 98622
5 56150000 56200000 111305
5 56200000 56250000 108091
5 56250000 56300000 100413
5 56300000 56350000 107988
5 56350000 56400000 95827
5 56400000 56450000 104079
5 56450000 56500000 107987
5 56500000 56550000 111079
5 56550000 56600000 104751
5 56600000 56650000 92054
5 56650000 56700000 107332
5 56700000 56750000 95087
5 56750000 56800000 99353
5 56800000 56850000 101453
5 56850000 56900000 104038
5 56900000 56950000 109527
5 56950000 57000000 105444
5 57000000 57050000 115573
5 57050000 57100000 106890
5 57100000 57150000 107933
5 57150000 57200000 108690
5 57200000 57250000 108953
5 57250000 57300000 110516
5 57300000 57350000 79613
5 57350000 57400000 101135
5 57400000 57450000 106967
5 57450000 57500000 97584
5 57500000 57550000 103250
5 57550000 57600000 108212
5 57600000 57650000 113022
5 57650000 57700000 97149
5 57700000 57750000 104836
5 57750000 57800000 104570
5 57800000 57850000 110744
5 57850000 57900000 106383
5 57900000 57950000 104659
5 57950000 58000000 105940
5 58000000 58050000 109216
5 58050000 58100000 100887
5 58100000 58150000 94458
5 58150000 58200000 91927
5 58200000 58250000 97372
5 58250000 58300000 103943
5 58300000 58350000 97838
5 58350000 58400000 104515
5 58400000 58450000 101202
5 58450000 58500000 113124
5 58500000 58550000 101431
5 58550000 58600000 115894
5 58600000 58650000 105337
5 58650000 58700000 106767
5 58700000 58750000 103179
5 58750000 58800000 105258
5 58800000 58850000 113269
5 58850000 58900000 103701
5 58900000 58950000 107501
5 58950000 59000000 105459
5 59000000 59050000 97367
5 59050000 59100000 99260
5 59100000 59150000 97497
5 59150000 59200000 95397
5 59200000 59250000 102703
5 59250000 59300000 109668
5 59300000 59350000 114930
5 59350000 59400000 107931
5 59400000 59450000 109542
5 59450000 59500000 107204
5 59500000 59550000 104594
5 59550000 59600000 106398
5 59600000 59650000 99862
5 59650000 59700000 105373
5 59700000 59750000 107525
5 59750000 59800000 104723
5 59800000 59850000 104338
5 59850000 59900000 103673
5 59900000 59950000 98855
5 59950000 60000000 99692
5 60000000 60050000 106057
5 60050000 60100000 99777
5 60100000 60150000 101052
5 60150000 60200000 107986
5 60200000 60250000 105220
5 60250000 60300000 109560
5 60300000 60350000 114369
5 60350000 60400000 115975
5 60400000 60450000 102657
5 60450000 60500000 103583
5 60500000 60550000 97727
5 60550000 60600000 99498
5 60600000 60650000 94109
5 60650000 60700000 102727
5 60700000 60750000 116059
5 60750000 60800000 104129
5 60800000 60850000 102567
5 60850000 60900000 91714
5 60900000 60950000 94717
5 60950000 61000000 97628
5 61000000 61050000 97711
5 61050000 61100000 100564
5 61100000 61150000 103442
5 61150000 61200000 103942
5 61200000 61250000 97023
5 61250000 61300000 90606
5 61300000 61350000 103017
5 61350000 61400000 91812
5 61400000 61450000 100142
5 61450000 61500000 95907
5 61500000 61550000 101393
5 61550000 61600000 103310
5 61600000 61650000 102682
5 61650000 61700000 105222
5 61700000 61750000 103977
5 61750000 61800000 111543
5 61800000 61850000 105199
5 61850000 61900000 109812
5 61900000 61950000 97291
5 61950000 62000000 98853
5 62000000 62050000 98941
5 62050000 62100000 97143
5 62100000 62150000 101826
5 62150000 62200000 111529
5 62200000 62250000 100403
5 62250000 62300000 104929
5 62300000 62350000 105110
5 62350000 62400000 98460
5 62400000 62450000 113294
5 62450000 62500000 106827
5 62500000 62550000 104925
5 62550000 62600000 106382
5 62600000 62650000 110935
5 62650000 62700000 112617
5 62700000 62750000 108273
5 62750000 62800000 109655
5 62800000 62850000 96944
5 62850000 62900000 102987
5 62900000 62950000 106133
5 62950000 63000000 109700
5 63000000 63050000 101557
5 63050000 63100000 102166
5 63100000 63150000 106748
5 63150000 63200000 110597
5 63200000 63250000 113353
5 63250000 63300000 106759
5 63300000 63350000 103369
5 63350000 63400000 94943
5 63400000 63450000 103019
5 63450000 63500000 105499
5 63500000 63550000 109878
5 63550000 63600000 104467
5 63600000 63650000 104556
5 63650000 63700000 108665
5 63700000 63750000 109785
5 63750000 63800000 101302
5 63800000 63850000 101089
5 63850000 63900000 102836
5 63900000 63950000 101170
5 63950000 64000000 97774
5 64000000 64050000 110715
5 64050000 64100000 115778
5 64100000 64150000 112966
5 64150000 64200000 106086
5 64200000 64250000 107471
5 64250000 64300000 111174
5 64300000 64350000 96565
5 64350000 64400000 103111
5 64400000 64450000 99081
5 64450000 64500000 109685
5 64500000 64550000 117191
5 64550000 64600000 114777
5 64600000 64650000 117542
5 64650000 64700000 110322
5 64700000 64750000 105186
5 64750000 64800000 110170
5 64800000 64850000 115141
5 64850000 64900000 112438
5 64900000 64950000 113522
5 64950000 65000000 103485
5 65000000 65050000 98697
5 65050000 65100000 110191
5 65100000 65150000 100665
5 65150000 65200000 107203
5 65200000 65250000 106068
5 65250000 65300000 101980
5 65300000 65350000 114957
5 65350000 65400000 109750
5 65400000 65450000 109768
5 65450000 65500000 113826
5 65500000 65550000 95194
5 65550000 65600000 98574
5 65600000 65650000 97205
5 65650000 65700000 98165
5 65700000 65750000 98686
5 65750000 65800000 104751
5 65800000 65850000 106880
5 65850000 65900000 107721
5 65900000 65950000 102070
5 65950000 66000000 94932
5 66000000 66050000 102437
5 66050000 66100000 102645
5 66100000 66150000 105593
5 66150000 66200000 108039
5 66200000 66250000 100996
5 66250000 66300000 98121
5 66300000 66350000 107526
5 66350000 66400000 106298
5 66400000 66450000 104696
5 66450000 66500000 96259
5 66500000 66550000 98585
5 66550000 66600000 101448
5 66600000 66650000 97621
5 66650000 66700000 105880
5 66700000 66750000 102270
5 66750000 66800000 105227
5 66800000 66850000 110365
5 66850000 66900000 111374
5 66900000 66950000 105748
5 66950000 67000000 103595
5 67000000 67050000 109144
5 67050000 67100000 106479
5 67100000 67150000 99526
5 67150000 67200000 107193
5 67200000 67250000 106112
5 67250000 67300000 105070
5 67300000 67350000 102568
5 67350000 67400000 103913
5 67400000 67450000 100269
5 67450000 67500000 102380
5 67500000 67550000 98853
5 67550000 67600000 100136
5 67600000 67650000 90859
5 67650000 67700000 102194
5 67700000 67750000 97932
5 67750000 67800000 97734
5 67800000 67850000 96807
5 67850000 67900000 100580
5 67900000 67950000 109325
5 67950000 68000000 95893
5 68000000 68050000 103103
5 68050000 68100000 106940
5 68100000 68150000 106694
5 68150000 68200000 103430
5 68200000 68250000 98400
5 68250000 68300000 106812
5 68300000 68350000 107229
5 68350000 68400000 107970
5 68400000 68450000 113402
5 68450000 68500000 97257
5 68500000 68550000 107410
5 68550000 68600000 103528
5 68600000 68650000 100156
5 68650000 68700000 108580
5 68700000 68750000 98595
5 68750000 68800000 98792
5 68800000 68850000 90506
5 68850000 68900000 62390
5 68900000 68950000 104784
5 68950000 69000000 87337
5 69000000 69050000 86119
5 69050000 69100000 71111
5 69100000 69150000 74369
5 69150000 69200000 120976
5 69200000 69250000 148136
5 69250000 69300000 116920
5 69300000 69350000 111385
5 69350000 69400000 109509
5 69400000 69450000 98539
5 69450000 69500000 101775
5 69500000 69550000 118444
5 69550000 69600000 91521
5 69600000 69650000 95568
5 69650000 69700000 83991
5 69700000 69750000 56863
5 69750000 69800000 97196
5 69800000 69850000 122078
5 69850000 69900000 75308
5 69900000 69950000 95463
5 69950000 70000000 102012
5 70000000 70050000 92397
5 70050000 70100000 170037
5 70100000 70150000 129692
5 70150000 70200000 100561
5 70200000 70250000 90064
5 70250000 70300000 95146
5 70300000 70350000 45869
5 70350000 70400000 66369
5 70400000 70450000 99762
5 70450000 70500000 105038
5 70500000 70550000 157658
5 70550000 70600000 89838
5 70600000 70650000 95967
5 70650000 70700000 102513
5 70700000 70750000 113530
5 70750000 70800000 110191
5 70800000 70850000 117135
5 70850000 70900000 102687
5 70900000 70950000 109925
5 70950000 71000000 98591
5 71000000 71050000 104136
5 71050000 71100000 107880
5 71100000 71150000 110263
5 71150000 71200000 99575
5 71200000 71250000 100711
5 71250000 71300000 99402
5 71300000 71350000 98660
5 71350000 71400000 99181
5 71400000 71450000 101929
5 71450000 71500000 96598
5 71500000 71550000 107762
5 71550000 71600000 111372
5 71600000 71650000 103358
5 71650000 71700000 101365
5 71700000 71750000 101872
5 71750000 71800000 98463
5 71800000 71850000 101988
5 71850000 71900000 95949
5 71900000 71950000 110255
5 71950000 72000000 97024
5 72000000 72050000 105095
5 72050000 72100000 115100
5 72100000 72150000 114781
5 72150000 72200000 110965
5 72200000 72250000 103766
5 72250000 72300000 109957
5 72300000 72350000 115135
5 72350000 72400000 111079
5 72400000 72450000 91419
5 72450000 72500000 92662
5 72500000 72550000 100835
5 72550000 72600000 99468
5 72600000 72650000 102346
5 72650000 72700000 108732
5 72700000 72750000 95408
5 72750000 72800000 99605
5 72800000 72850000 97543
5 72850000 72900000 100478
5 72900000 72950000 97813
5 72950000 73000000 101907
5 73000000 73050000 114346
5 73050000 73100000 99105
5 73100000 73150000 108884
5 73150000 73200000 104830
5 73200000 73250000 107019
5 73250000 73300000 94361
5 73300000 73350000 96041
5 73350000 73400000 101381
5 73400000 73450000 89891
5 73450000 73500000 100981
5 73500000 73550000 89299
5 73550000 73600000 101296
5 73600000 73650000 102052
5 73650000 73700000 99153
5 73700000 73750000 96968
5 73750000 73800000 112223
5 73800000 73850000 97108
5 73850000 73900000 101185
5 73900000 73950000 98293
5 73950000 74000000 102156
5 74000000 74050000 105253
5 74050000 74100000 106123
5 74100000 74150000 121712
5 74150000 74200000 105515
5 74200000 74250000 98369
5 74250000 74300000 104745
5 74300000 74350000 100073
5 74350000 74400000 111003
5 74400000 74450000 112545
5 74450000 74500000 110360
5 74500000 74550000 102362
5 74550000 74600000 103812
5 74600000 74650000 106004
5 74650000 74700000 97369
5 74700000 74750000 109898
5 74750000 74800000 110548
5 74800000 74850000 121545
5 74850000 74900000 116098
5 74900000 74950000 102801
5 74950000 75000000 110842
5 75000000 75050000 100135
5 75050000 75100000 109876
5 75100000 75150000 104626
5 75150000 75200000 101085
5 75200000 75250000 100123
5 75250000 75300000 105971
5 75300000 75350000 103755
5 75350000 75400000 104923
5 75400000 75450000 97083
5 75450000 75500000 96252
5 75500000 75550000 97377
5 75550000 75600000 95306
5 75600000 75650000 95342
5 75650000 75700000 95212
5 75700000 75750000 94545
5 75750000 75800000 101951
5 75800000 75850000 99264
5 75850000 75900000 103014
5 75900000 75950000 109432
5 75950000 76000000 104407
5 76000000 76050000 99746
5 76050000 76100000 96089
5 76100000 76150000 100584
5 76150000 76200000 100260
5 76200000 76250000 99863
5 76250000 76300000 98449
5 76300000 76350000 107115
5 76350000 76400000 101709
5 76400000 76450000 99638
5 76450000 76500000 104447
5 76500000 76550000 102801
5 76550000 76600000 101591
5 76600000 76650000 98963
5 76650000 76700000 99113
5 76700000 76750000 105621
5 76750000 76800000 110142
5 76800000 76850000 104988
5 76850000 76900000 106825
5 76900000 76950000 99158
5 76950000 77000000 106493
5 77000000 77050000 106920
5 77050000 77100000 97506
5 77100000 77150000 101161
5 77150000 77200000 103679
5 77200000 77250000 95962
5 77250000 77300000 101515
5 77300000 77350000 107238
5 77350000 77400000 100216
5 77400000 77450000 110796
5 77450000 77500000 116237
5 77500000 77550000 107436
5 77550000 77600000 109210
5 77600000 77650000 107340
5 77650000 77700000 113436
5 77700000 77750000 109233
5 77750000 77800000 104154
5 77800000 77850000 93720
5 77850000 77900000 96090
5 77900000 77950000 99134
5 77950000 78000000 102577
5 78000000 78050000 101022
5 78050000 78100000 93877
5 78100000 78150000 104724
5 78150000 78200000 106246
5 78200000 78250000 99514
5 78250000 78300000 104774
5 78300000 78350000 100726
5 78350000 78400000 90416
5 78400000 78450000 102576
5 78450000 78500000 96293
5 78500000 78550000 100164
5 78550000 78600000 103184
5 78600000 78650000 103379
5 78650000 78700000 120352
5 78700000 78750000 121122
5 78750000 78800000 113902
5 78800000 78850000 109253
5 78850000 78900000 113962
5 78900000 78950000 110851
5 78950000 79000000 109622
5 79000000 79050000 112203
5 79050000 79100000 95311
5 79100000 79150000 97567
5 79150000 79200000 97582
5 79200000 79250000 101347
5 79250000 79300000 105883
5 79300000 79350000 97034
5 79350000 79400000 85425
5 79400000 79450000 86941
5 79450000 79500000 95637
5 79500000 79550000 95608
5 79550000 79600000 103193
5 79600000 79650000 97974
5 79650000 79700000 109673
5 79700000 79750000 107905
5 79750000 79800000 107969
5 79800000 79850000 105259
5 79850000 79900000 105170
5 79900000 79950000 86533
5 79950000 80000000 107518
5 80000000 80050000 94615
5 80050000 80100000 112439
5 80100000 80150000 104322
5 80150000 80200000 108059
5 80200000 80250000 99157
5 80250000 80300000 97980
5 80300000 80350000 105822
5 80350000 80400000 103197
5 80400000 80450000 102322
5 80450000 80500000 102261
5 80500000 80550000 97449
5 80550000 80600000 97572
5 80600000 80650000 99040
5 80650000 80700000 106651
5 80700000 80750000 119084
5 80750000 80800000 114253
5 80800000 80850000 110245
5 80850000 80900000 111487
5 80900000 80950000 113826
5 80950000 81000000 106294
5 81000000 81050000 107427
5 81050000 81100000 100774
5 81100000 81150000 103104
5 81150000 81200000 103521
5 81200000 81250000 100806
5 81250000 81300000 105188
5 81300000 81350000 108575
5 81350000 81400000 104971
5 81400000 81450000 98316
5 81450000 81500000 100410
5 81500000 81550000 104156
5 81550000 81600000 100789
5 81600000 81650000 95314
5 81650000 81700000 99278
5 81700000 81750000 94381
5 81750000 81800000 108841
5 81800000 81850000 98098
5 81850000 81900000 103815
5 81900000 81950000 104516
5 81950000 82000000 105757
5 82000000 82050000 101789
5 82050000 82100000 102091
5 82100000 82150000 102338
5 82150000 82200000 108961
5 82200000 82250000 108060
5 82250000 82300000 100942
5 82300000 82350000 100192
5 82350000 82400000 107991
5 82400000 82450000 105405
5 82450000 82500000 117431
5 82500000 82550000 104612
5 82550000 82600000 109779
5 82600000 82650000 111921
5 82650000 82700000 106397
5 82700000 82750000 98406
5 82750000 82800000 108036
5 82800000 82850000 99845
5 82850000 82900000 100560
5 82900000 82950000 101116
5 82950000 83000000 116525
5 83000000 83050000 104432
5 83050000 83100000 105179
5 83100000 83150000 106892
5 83150000 83200000 102286
5 83200000 83250000 106290
5 83250000 83300000 115918
5 83300000 83350000 108335
5 83350000 83400000 107059
5 83400000 83450000 110113
5 83450000 83500000 112725
5 83500000 83550000 111294
5 83550000 83600000 102607
5 83600000 83650000 108131
5 83650000 83700000 107769
5 83700000 83750000 108913
5 83750000 83800000 115887
5 83800000 83850000 113166
5 83850000 83900000 110017
5 83900000 83950000 99389
5 83950000 84000000 94097
5 84000000 84050000 111307
5 84050000 84100000 106219
5 84100000 84150000 110805
5 84150000 84200000 108318
5 84200000 84250000 105861
5 84250000 84300000 113195
5 84300000 84350000 111158
5 84350000 84400000 109185
5 84400000 84450000 108803
5 84450000 84500000 111825
5 84500000 84550000 105582
5 84550000 84600000 114554
5 84600000 84650000 104853
5 84650000 84700000 112398
5 84700000 84750000 104869
5 84750000 84800000 107353
5 84800000 84850000 108663
5 84850000 84900000 107833
5 84900000 84950000 108691
5 84950000 85000000 115467
5 85000000 85050000 110913
5 85050000 85100000 109643
5 85100000 85150000 104594
5 85150000 85200000 111561
5 85200000 85250000 111903
5 85250000 85300000 113826
5 85300000 85350000 127355
5 85350000 85400000 110049
5 85400000 85450000 115210
5 85450000 85500000 110537
5 85500000 85550000 107386
5 85550000 85600000 99602
5 85600000 85650000 111194
5 85650000 85700000 108244
5 85700000 85750000 109328
5 85750000 85800000 98183
5 85800000 85850000 104316
5 85850000 85900000 100262
5 85900000 85950000 100558
5 85950000 86000000 111003
5 86000000 86050000 104704
5 86050000 86100000 106213
5 86100000 86150000 109162
5 86150000 86200000 104760
5 86200000 86250000 100710
5 86250000 86300000 108704
5 86300000 86350000 108442
5 86350000 86400000 98840
5 86400000 86450000 105759
5 86450000 86500000 107899
5 86500000 86550000 101664
5 86550000 86600000 108753
5 86600000 86650000 110195
5 86650000 86700000 110295
5 86700000 86750000 100534
5 86750000 86800000 108402
5 86800000 86850000 108308
5 86850000 86900000 101195
5 86900000 86950000 110703
5 86950000 87000000 110338
5 87000000 87050000 104833
5 87050000 87100000 113175
5 87100000 87150000 105273
5 87150000 87200000 105977
5 87200000 87250000 104014
5 87250000 87300000 108229
5 87300000 87350000 98687
5 87350000 87400000 99411
5 87400000 87450000 105973
5 87450000 87500000 98826
5 87500000 87550000 110998
5 87550000 87600000 98011
5 87600000 87650000 112306
5 87650000 87700000 110193
5 87700000 87750000 114449
5 87750000 87800000 108814
5 87800000 87850000 102984
5 87850000 87900000 110997
5 87900000 87950000 98817
5 87950000 88000000 91251
5 88000000 88050000 101123
5 88050000 88100000 102023
5 88100000 88150000 108680
5 88150000 88200000 111285
5 88200000 88250000 114490
5 88250000 88300000 106842
5 88300000 88350000 105013
5 88350000 88400000 109657
5 88400000 88450000 108850
5 88450000 88500000 106824
5 88500000 88550000 111331
5 88550000 88600000 102054
5 88600000 88650000 103601
5 88650000 88700000 113290
5 88700000 88750000 105491
5 88750000 88800000 97457
5 88800000 88850000 112127
5 88850000 88900000 105946
5 88900000 88950000 108031
5 88950000 89000000 116786
5 89000000 89050000 100827
5 89050000 89100000 111189
5 89100000 89150000 105042
5 89150000 89200000 108203
5 89200000 89250000 104363
5 89250000 89300000 110407
5 89300000 89350000 102461
5 89350000 89400000 102860
5 89400000 89450000 102430
5 89450000 89500000 106162
5 89500000 89550000 103861
5 89550000 89600000 98112
5 89600000 89650000 108271
5 89650000 89700000 103889
5 89700000 89750000 103027
5 89750000 89800000 102641
5 89800000 89850000 119942
5 89850000 89900000 104679
5 89900000 89950000 112986
5 89950000 90000000 103830
5 90000000 90050000 110210
5 90050000 90100000 106914
5 90100000 90150000 104288
5 90150000 90200000 109107
5 90200000 90250000 108129
5 90250000 90300000 104006
5 90300000 90350000 104970
5 90350000 90400000 107833
5 90400000 90450000 108792
5 90450000 90500000 111434
5 90500000 90550000 101698
5 90550000 90600000 103818
5 90600000 90650000 102863
5 90650000 90700000 104381
5 90700000 90750000 106961
5 90750000 90800000 107229
5 90800000 90850000 105010
5 90850000 90900000 99098
5 90900000 90950000 115924
5 90950000 91000000 111886
5 91000000 91050000 115570
5 91050000 91100000 107714
5 91100000 91150000 99917
5 91150000 91200000 111698
5 91200000 91250000 118626
5 91250000 91300000 107796
5 91300000 91350000 117269
5 91350000 91400000 106379
5 91400000 91450000 109780
5 91450000 91500000 112268
5 91500000 91550000 107248
5 91550000 91600000 114895
5 91600000 91650000 78404
5 91650000 91700000 30150
5 91700000 91750000 105425
5 91750000 91800000 107760
5 91800000 91850000 121920
5 91850000 91900000 102774
5 91900000 91950000 108542
5 91950000 92000000 106119
5 92000000 92050000 109901
5 92050000 92100000 111740
5 92100000 92150000 105637
5 92150000 92200000 102155
5 92200000 92250000 113659
5 92250000 92300000 117210
5 92300000 92350000 113921
5 92350000 92400000 114370
5 92400000 92450000 106688
5 92450000 92500000 99410
5 92500000 92550000 110834
5 92550000 92600000 111232
5 92600000 92650000 103105
5 92650000 92700000 104002
5 92700000 92750000 106315
5 92750000 92800000 103866
5 92800000 92850000 108143
5 92850000 92900000 109396
5 92900000 92950000 93365
5 92950000 93000000 109640
5 93000000 93050000 110463
5 93050000 93100000 109201
5 93100000 93150000 102997
5 93150000 93200000 108662
5 93200000 93250000 114577
5 93250000 93300000 108655
5 93300000 93350000 107760
5 93350000 93400000 104330
5 93400000 93450000 106675
5 93450000 93500000 100663
5 93500000 93550000 108903
5 93550000 93600000 106890
5 93600000 93650000 113201
5 93650000 93700000 108244
5 93700000 93750000 97038
5 93750000 93800000 109854
5 93800000 93850000 108350
5 93850000 93900000 112144
5 93900000 93950000 107793
5 93950000 94000000 115926
5 94000000 94050000 121582
5 94050000 94100000 97744
5 94100000 94150000 107371
5 94150000 94200000 98983
5 94200000 94250000 108551
5 94250000 94300000 114188
5 94300000 94350000 105755
5 94350000 94400000 104988
5 94400000 94450000 102416
5 94450000 94500000 103041
5 94500000 94550000 58391
5 94550000 94600000 37297
5 94600000 94650000 38850
5 94650000 94700000 42186
5 94700000 94750000 36029
5 94750000 94800000 46814
5 94800000 94850000 41505
5 94850000 94900000 44725
5 94900000 94950000 36956
5 94950000 95000000 39253
5 95000000 95050000 40430
5 95050000 95100000 40647
5 95100000 95150000 35870
5 95150000 95200000 39226
5 95200000 95250000 38621
5 95250000 95300000 41704
5 95300000 95350000 38994
5 95350000 95400000 38379
5 95400000 95450000 42416
5 95450000 95500000 45019
5 95500000 95550000 37822
5 95550000 95600000 40515
5 95600000 95650000 42082
5 95650000 95700000 40496
5 95700000 95750000 39811
5 95750000 95800000 41826
5 95800000 95850000 45081
5 95850000 95900000 41965
5 95900000 95950000 38902
5 95950000 96000000 38388
5 96000000 96050000 41875
5 96050000 96100000 39436
5 96100000 96150000 36391
5 96150000 96200000 36271
5 96200000 96250000 38000
5 96250000 96300000 37889
5 96300000 96350000 39637
5 96350000 96400000 39501
5 96400000 96450000 37284
5 96450000 96500000 40824
5 96500000 96550000 37752
5 96550000 96600000 43044
5 96600000 96650000 40691
5 96650000 96700000 40429
5 96700000 96750000 45310
5 96750000 96800000 40447
5 96800000 96850000 44742
5 96850000 96900000 40726
5 96900000 96950000 45264
5 96950000 97000000 44470
5 97000000 97050000 40584
5 97050000 97100000 44070
5 97100000 97150000 47172
5 97150000 97200000 38602
5 97200000 97250000 40234
5 97250000 97300000 43991
5 97300000 97350000 41349
5 97350000 97400000 44554
5 97400000 97450000 43783
5 97450000 97500000 43176
5 97500000 97550000 42053
5 97550000 97600000 49857
5 97600000 97650000 43129
5 97650000 97700000 41682
5 97700000 97750000 37858
5 97750000 97800000 39248
5 97800000 97850000 40226
5 97850000 97900000 47945
5 97900000 97950000 39929
5 97950000 98000000 45612
5 98000000 98050000 41124
5 98050000 98100000 45798
5 98100000 98150000 32569
5 98150000 98200000 41189
5 98200000 98250000 46730
5 98250000 98300000 42092
5 98300000 98350000 38909
5 98350000 98400000 45976
5 98400000 98450000 41466
5 98450000 98500000 41091
5 98500000 98550000 40563
5 98550000 98600000 40992
5 98600000 98650000 45914
5 98650000 98700000 47900
5 98700000 98750000 39873
5 98750000 98800000 39205
5 98800000 98850000 40248
5 98850000 98900000 45553
5 98900000 98950000 41536
5 98950000 99000000 39768
5 99000000 99050000 41752
5 99050000 99100000 40785
5 99100000 99150000 43411
5 99150000 99200000 45827
5 99200000 99250000 46424
5 99250000 99300000 48859
5 99300000 99350000 40955
5 99350000 99400000 43748
5 99400000 99450000 40262
5 99450000 99500000 42549
5 99500000 99550000 44927
5 99550000 99600000 39892
5 99600000 99650000 39087
5 99650000 99700000 43733
5 99700000 99750000 41431
5 99750000 99800000 43285
5 99800000 99850000 44017
5 99850000 99900000 40950
5 99900000 99950000 43014
5 99950000 100000000 44685
5 100000000 100050000 42829
5 100050000 100100000 42714
5 100100000 100150000 44479
5 100150000 100200000 40986
5 100200000 100250000 43609
5 100250000 100300000 42131
5 100300000 100350000 43368
5 100350000 100400000 46068
5 100400000 100450000 41160
5 100450000 100500000 45345
5 100500000 100550000 41367
5 100550000 100600000 39963
5 100600000 100650000 45022
5 100650000 100700000 40268
5 100700000 100750000 45885
5 100750000 100800000 44437
5 100800000 100850000 43719
5 100850000 100900000 47792
5 100900000 100950000 43952
5 100950000 101000000 44698
5 101000000 101050000 42419
5 101050000 101100000 42500
5 101100000 101150000 40366
5 101150000 101200000 51487
5 101200000 101250000 40564
5 101250000 101300000 39868
5 101300000 101350000 46461
5 101350000 101400000 44607
5 101400000 101450000 39467
5 101450000 101500000 43957
5 101500000 101550000 49838
5 101550000 101600000 41128
5 101600000 101650000 41643
5 101650000 101700000 42287
5 101700000 101750000 42070
5 101750000 101800000 40277
5 101800000 101850000 40732
5 101850000 101900000 39682
5 101900000 101950000 44180
5 101950000 102000000 42680
5 102000000 102050000 46963
5 102050000 102100000 40519
5 102100000 102150000 43979
5 102150000 102200000 45586
5 102200000 102250000 48643
5 102250000 102300000 42804
5 102300000 102350000 42396
5 102350000 102400000 45455
5 102400000 102450000 39630
5 102450000 102500000 41825
5 102500000 102550000 50156
5 102550000 102600000 40085
5 102600000 102650000 39236
5 102650000 102700000 40323
5 102700000 102750000 42808
5 102750000 102800000 39390
5 102800000 102850000 39098
5 102850000 102900000 39168
5 102900000 102950000 39546
5 102950000 103000000 46336
5 103000000 103050000 45673
5 103050000 103100000 43452
5 103100000 103150000 42730
5 103150000 103200000 42110
5 103200000 103250000 41637
5 103250000 103300000 41421
5 103300000 103350000 44311
5 103350000 103400000 42761
5 103400000 103450000 43259
5 103450000 103500000 42619
5 103500000 103550000 44565
5 103550000 103600000 44287
5 103600000 103650000 41565
5 103650000 103700000 45172
5 103700000 103750000 45322
5 103750000 103800000 47832
5 103800000 103850000 40203
5 103850000 103900000 45821
5 103900000 103950000 40092
5 103950000 104000000 40770
5 104000000 104050000 41068
5 104050000 104100000 44214
5 104100000 104150000 44890
5 104150000 104200000 43669
5 104200000 104250000 40798
5 104250000 104300000 42629
5 104300000 104350000 41380
5 104350000 104400000 45679
5 104400000 104450000 43007
5 104450000 104500000 42361
5 104500000 104550000 44415
5 104550000 104600000 47857
5 104600000 104650000 44251
5 104650000 104700000 43313
5 104700000 104750000 37410
5 104750000 104800000 44611
5 104800000 104850000 51387
5 104850000 104900000 46287
5 104900000 104950000 46184
5 104950000 105000000 43032
5 105000000 105050000 44607
5 105050000 105100000 43982
5 105100000 105150000 37700
5 105150000 105200000 45042
5 105200000 105250000 39161
5 105250000 105300000 43931
5 105300000 105350000 39363
5 105350000 105400000 39296
5 105400000 105450000 43977
5 105450000 105500000 42264
5 105500000 105550000 45138
5 105550000 105600000 46730
5 105600000 105650000 42654
5 105650000 105700000 45211
5 105700000 105750000 39148
5 105750000 105800000 43008
5 105800000 105850000 45034
5 105850000 105900000 42949
5 105900000 105950000 44291
5 105950000 106000000 46950
5 106000000 106050000 49417
5 106050000 106100000 45381
5 106100000 106150000 48722
5 106150000 106200000 42909
5 106200000 106250000 45110
5 106250000 106300000 44211
5 106300000 106350000 38984
5 106350000 106400000 43174
5 106400000 106450000 40867
5 106450000 106500000 42116
5 106500000 106550000 41507
5 106550000 106600000 38120
5 106600000 106650000 45042
5 106650000 106700000 41487
5 106700000 106750000 40631
5 106750000 106800000 39432
5 106800000 106850000 36266
5 106850000 106900000 36581
5 106900000 106950000 39063
5 106950000 107000000 41721
5 107000000 107050000 45154
5 107050000 107100000 41968
5 107100000 107150000 40385
5 107150000 107200000 43612
5 107200000 107250000 43664
5 107250000 107300000 40977
5 107300000 107350000 46132
5 107350000 107400000 44155
5 107400000 107450000 39938
5 107450000 107500000 41161
5 107500000 107550000 43016
5 107550000 107600000 40610
5 107600000 107650000 47184
5 107650000 107700000 45116
5 107700000 107750000 38465
5 107750000 107800000 43362
5 107800000 107850000 44510
5 107850000 107900000 39086
5 107900000 107950000 37226
5 107950000 108000000 38886
5 108000000 108050000 40338
5 108050000 108100000 42057
5 108100000 108150000 46715
5 108150000 108200000 46290
5 108200000 108250000 42862
5 108250000 108300000 41124
5 108300000 108350000 44020
5 108350000 108400000 45802
5 108400000 108450000 41629
5 108450000 108500000 45597
5 108500000 108550000 48301
5 108550000 108600000 38806
5 108600000 108650000 37866
5 108650000 108700000 47025
5 108700000 108750000 43672
5 108750000 108800000 50799
5 108800000 108850000 44016
5 108850000 108900000 38213
5 108900000 108950000 39636
5 108950000 109000000 41630
5 109000000 109050000 39826
5 109050000 109100000 40268
5 109100000 109150000 42466
5 109150000 109200000 40863
5 109200000 109250000 40523
5 109250000 109300000 36961
5 109300000 109350000 38314
5 109350000 109400000 39561
5 109400000 109450000 40611
5 109450000 109500000 40894
5 109500000 109550000 40012
5 109550000 109600000 43674
5 109600000 109650000 44276
5 109650000 109700000 38483
5 109700000 109750000 42445
5 109750000 109800000 41557
5 109800000 109850000 43757
5 109850000 109900000 41467
5 109900000 109950000 47124
5 109950000 110000000 45594
5 110000000 110050000 43302
5 110050000 110100000 48523
5 110100000 110150000 47067
5 110150000 110200000 44740
5 110200000 110250000 48235
5 110250000 110300000 45445
5 110300000 110350000 48447
5 110350000 110400000 40165
5 110400000 110450000 38963
5 110450000 110500000 37162
5 110500000 110550000 43238
5 110550000 110600000 39024
5 110600000 110650000 46197
5 110650000 110700000 41757
5 110700000 110750000 42020
5 110750000 110800000 39941
5 110800000 110850000 42020
5 110850000 110900000 40170
5 110900000 110950000 42808
5 110950000 111000000 39197
5 111000000 111050000 37918
5 111050000 111100000 40070
5 111100000 111150000 41482
5 111150000 111200000 40733
5 111200000 111250000 39678
5 111250000 111300000 39412
5 111300000 111350000 42115
5 111350000 111400000 42428
5 111400000 111450000 45740
5 111450000 111500000 38564
5 111500000 111550000 39516
5 111550000 111600000 44398
5 111600000 111650000 39062
5 111650000 111700000 39837
5 111700000 111750000 40186
5 111750000 111800000 39773
5 111800000 111850000 40850
5 111850000 111900000 37385
5 111900000 111950000 37753
5 111950000 112000000 41539
5 112000000 112050000 42337
5 112050000 112100000 36278
5 112100000 112150000 42695
5 112150000 112200000 38475
5 112200000 112250000 45752
5 112250000 112300000 39881
5 112300000 112350000 43938
5 112350000 112400000 35615
5 112400000 112450000 40387
5 112450000 112500000 33532
5 112500000 112550000 35273
5 112550000 112600000 42113
5 112600000 112650000 42527
5 112650000 112700000 36782
5 112700000 112750000 41801
5 112750000 112800000 36441
5 112800000 112850000 39990
5 112850000 112900000 42048
5 112900000 112950000 45490
5 112950000 113000000 39487
5 113000000 113050000 40071
5 113050000 113100000 37454
5 113100000 113150000 43585
5 113150000 113200000 44766
5 113200000 113250000 40191
5 113250000 113300000 39558
5 113300000 113350000 40941
5 113350000 113400000 37696
5 113400000 113450000 41439
5 113450000 113500000 39915
5 113500000 113550000 42002
5 113550000 113600000 43195
5 113600000 113650000 40849
5 113650000 113700000 38668
5 113700000 113750000 43153
5 113750000 113800000 35984
5 113800000 113850000 40530
5 113850000 113900000 41078
5 113900000 113950000 39428
5 113950000 114000000 39987
5 114000000 114050000 40242
5 114050000 114100000 42016
5 114100000 114150000 41169
5 114150000 114200000 42834
5 114200000 114250000 43235
5 114250000 114300000 44853
5 114300000 114350000 30762
5 114350000 114400000 39182
5 114400000 114450000 34994
5 114450000 114500000 42039
5 114500000 114550000 40987
5 114550000 114600000 42657
5 114600000 114650000 42472
5 114650000 114700000 39856
5 114700000 114750000 39516
5 114750000 114800000 34677
5 114800000 114850000 42708
5 114850000 114900000 40573
5 114900000 114950000 42083
5 114950000 115000000 35318
5 115000000 115050000 39531
5 115050000 115100000 37518
5 115100000 115150000 39805
5 115150000 115200000 39939
5 115200000 115250000 43582
5 115250000 115300000 35008
5 115300000 115350000 41638
5 115350000 115400000 37735
5 115400000 115450000 39861
5 115450000 115500000 47419
5 115500000 115550000 41198
5 115550000 115600000 48482
5 115600000 115650000 41746
5 115650000 115700000 41164
5 115700000 115750000 38678
5 115750000 115800000 33945
5 115800000 115850000 35351
5 115850000 115900000 37798
5 115900000 115950000 42307
5 115950000 116000000 36916
5 116000000 116050000 38524
5 116050000 116100000 39156
5 116100000 116150000 39214
5 116150000 116200000 38457
5 116200000 116250000 44759
5 116250000 116300000 38749
5 116300000 116350000 42711
5 116350000 116400000 36917
5 116400000 116450000 41835
5 116450000 116500000 40503
5 116500000 116550000 39756
5 116550000 116600000 45784
5 116600000 116650000 41175
5 116650000 116700000 47121
5 116700000 116750000 42371
5 116750000 116800000 41080
5 116800000 116850000 37545
5 116850000 116900000 50655
5 116900000 116950000 38427
5 116950000 117000000 42616
5 117000000 117050000 42838
5 117050000 117100000 45898
5 117100000 117150000 41592
5 117150000 117200000 41462
5 117200000 117250000 45201
5 117250000 117300000 39656
5 117300000 117350000 42977
5 117350000 117400000 44059
5 117400000 117450000 39086
5 117450000 117500000 45012
5 117500000 117550000 46405
5 117550000 117600000 39700
5 117600000 117650000 47664
5 117650000 117700000 41141
5 117700000 117750000 39695
5 117750000 117800000 40790
5 117800000 117850000 44196
5 117850000 117900000 39012
5 117900000 117950000 36999
5 117950000 118000000 43978
5 118000000 118050000 44468
5 118050000 118100000 37190
5 118100000 118150000 41608
5 118150000 118200000 38458
5 118200000 118250000 46388
5 118250000 118300000 39914
5 118300000 118350000 40231
5 118350000 118400000 39736
5 118400000 118450000 38498
5 118450000 118500000 38786
5 118500000 118550000 40628
5 118550000 118600000 46380
5 118600000 118650000 37185
5 118650000 118700000 35340
5 118700000 118750000 37403
5 118750000 118800000 39048
5 118800000 118850000 42801
5 118850000 118900000 42836
5 118900000 118950000 38022
5 118950000 119000000 38004
5 119000000 119050000 42698
5 119050000 119100000 40319
5 119100000 119150000 46880
5 119150000 119200000 39664
5 119200000 119250000 42798
5 119250000 119300000 42814
5 119300000 119350000 41203
5 119350000 119400000 37839
5 119400000 119450000 42191
5 119450000 119500000 43623
5 119500000 119550000 42399
5 119550000 119600000 43825
5 119600000 119650000 42585
5 119650000 119700000 42839
5 119700000 119750000 42271
5 119750000 119800000 41112
5 119800000 119850000 39541
5 119850000 119900000 40316
5 119900000 119950000 43054
5 119950000 120000000 43447
5 120000000 120050000 42395
5 120050000 120100000 48278
5 120100000 120150000 41104
5 120150000 120200000 40006
5 120200000 120250000 43516
5 120250000 120300000 40179
5 120300000 120350000 42237
5 120350000 120400000 41322
5 120400000 120450000 50852
5 120450000 120500000 40588
5 120500000 120550000 42554
5 120550000 120600000 40111
5 120600000 120650000 42097
5 120650000 120700000 41972
5 120700000 120750000 47238
5 120750000 120800000 43553
5 120800000 120850000 39499
5 120850000 120900000 42054
5 120900000 120950000 45706
5 120950000 121000000 40187
5 121000000 121050000 40319
5 121050000 121100000 39476
5 121100000 121150000 37902
5 121150000 121200000 40232
5 121200000 121250000 38434
5 121250000 121300000 42244
5 121300000 121350000 45477
5 121350000 121400000 41939
5 121400000 121450000 48422
5 121450000 121500000 37405
5 121500000 121550000 42510
5 121550000 121600000 52451
5 121600000 121650000 43071
5 121650000 121700000 40184
5 121700000 121750000 44075
5 121750000 121800000 40052
5 121800000 121850000 40361
5 121850000 121900000 44466
5 121900000 121950000 40602
5 121950000 122000000 41514
5 122000000 122050000 42934
5 122050000 122100000 43755
5 122100000 122150000 40383
5 122150000 122200000 43363
5 122200000 122250000 39769
5 122250000 122300000 39382
5 122300000 122350000 36763
5 122350000 122400000 39190
5 122400000 122450000 41103
5 122450000 122500000 36867
5 122500000 122550000 39874
5 122550000 122600000 48168
5 122600000 122650000 41036
5 122650000 122700000 41705
5 122700000 122750000 44721
5 122750000 122800000 39944
5 122800000 122850000 43330
5 122850000 122900000 44861
5 122900000 122950000 42186
5 122950000 123000000 42778
5 123000000 123050000 44815
5 123050000 123100000 44174
5 123100000 123150000 38980
5 123150000 123200000 40130
5 123200000 123250000 44080
5 123250000 123300000 46693
5 123300000 123350000 41906
5 123350000 123400000 43386
5 123400000 123450000 41244
5 123450000 123500000 42095
5 123500000 123550000 40969
5 123550000 123600000 43823
5 123600000 123650000 36686
5 123650000 123700000 42016
5 123700000 123750000 39248
5 123750000 123800000 43871
5 123800000 123850000 39342
5 123850000 123900000 42994
5 123900000 123950000 40818
5 123950000 124000000 35606
5 124000000 124050000 39543
5 124050000 124100000 38343
5 124100000 124150000 46717
5 124150000 124200000 44094
5 124200000 124250000 40607
5 124250000 124300000 37488
5 124300000 124350000 36069
5 124350000 124400000 36752
5 124400000 124450000 39941
5 124450000 124500000 40734
5 124500000 124550000 46060
5 124550000 124600000 41870
5 124600000 124650000 63246
5 124650000 124700000 70088
5 124700000 124750000 79518
5 124750000 124800000 74883
5 124800000 124850000 74990
5 124850000 124900000 79157
5 124900000 124950000 70402
5 124950000 125000000 85070
5 125000000 125050000 71365
5 125050000 125100000 69466
5 125100000 125150000 73045
5 125150000 125200000 73218
5 125200000 125250000 77644
5 125250000 125300000 78427
5 125300000 125350000 71260
5 125350000 125400000 73249
5 125400000 125450000 78202
5 125450000 125500000 73666
5 125500000 125550000 72871
5 125550000 125600000 75441
5 125600000 125650000 74560
5 125650000 125700000 68055
5 125700000 125750000 78932
5 125750000 125800000 72349
5 125800000 125850000 69749
5 125850000 125900000 71324
5 125900000 125950000 66960
5 125950000 126000000 74184
5 126000000 126050000 69541
5 126050000 126100000 72742
5 126100000 126150000 73070
5 126150000 126200000 63915
5 126200000 126250000 76085
5 126250000 126300000 65387
5 126300000 126350000 70353
5 126350000 126400000 69715
5 126400000 126450000 70973
5 126450000 126500000 67550
5 126500000 126550000 72434
5 126550000 126600000 74331
5 126600000 126650000 72459
5 126650000 126700000 73245
5 126700000 126750000 73411
5 126750000 126800000 71108
5 126800000 126850000 77067
5 126850000 126900000 75405
5 126900000 126950000 74181
5 126950000 127000000 73583
5 127000000 127050000 72768
5 127050000 127100000 79539
5 127100000 127150000 77330
5 127150000 127200000 72668
5 127200000 127250000 73242
5 127250000 127300000 69928
5 127300000 127350000 70222
5 127350000 127400000 80864
5 127400000 127450000 71657
5 127450000 127500000 75463
5 127500000 127550000 78531
5 127550000 127600000 69961
5 127600000 127650000 78814
5 127650000 127700000 75699
5 127700000 127750000 73933
5 127750000 127800000 74101
5 127800000 127850000 75803
5 127850000 127900000 71517
5 127900000 127950000 76143
5 127950000 128000000 79839
5 128000000 128050000 75936
5 128050000 128100000 77098
5 128100000 128150000 76795
5 128150000 128200000 73585
5 128200000 128250000 77116
5 128250000 128300000 75955
5 128300000 128350000 74309
5 128350000 128400000 75262
5 128400000 128450000 71863
5 128450000 128500000 66670
5 128500000 128550000 68513
5 128550000 128600000 78216
5 128600000 128650000 76190
5 128650000 128700000 77843
5 128700000 128750000 74967
5 128750000 128800000 64570
5 128800000 128850000 71953
5 128850000 128900000 74902
5 128900000 128950000 76702
5 128950000 129000000 77003
5 129000000 129050000 78766
5 129050000 129100000 63696
5 129100000 129150000 74883
5 129150000 129200000 72176
5 129200000 129250000 72688
5 129250000 129300000 74470
5 129300000 129350000 74413
5 129350000 129400000 76911
5 129400000 129450000 75279
5 129450000 129500000 71953
5 129500000 129550000 78312
5 129550000 129600000 77885
5 129600000 129650000 77904
5 129650000 129700000 77462
5 129700000 129750000 69409
5 129750000 129800000 73781
5 129800000 129850000 75796
5 129850000 129900000 72677
5 129900000 129950000 78957
5 129950000 130000000 64027
5 130000000 130050000 68818
5 130050000 130100000 78160
5 130100000 130150000 80646
5 130150000 130200000 75710
5 130200000 130250000 73263
5 130250000 130300000 79562
5 130300000 130350000 69492
5 130350000 130400000 78220
5 130400000 130450000 76004
5 130450000 130500000 69460
5 130500000 130550000 72435
5 130550000 130600000 68029
5 130600000 130650000 78568
5 130650000 130700000 75059
5 130700000 130750000 71831
5 130750000 130800000 76687
5 130800000 130850000 73878
5 130850000 130900000 80738
5 130900000 130950000 68896
5 130950000 131000000 69663
5 131000000 131050000 76294
5 131050000 131100000 74204
5 131100000 131150000 72524
5 131150000 131200000 75010
5 131200000 131250000 73768
5 131250000 131300000 76644
5 131300000 131350000 60363
5 131350000 131400000 68316
5 131400000 131450000 59432
5 131450000 131500000 70531
5 131500000 131550000 69037
5 131550000 131600000 62877
5 131600000 131650000 64879
5 131650000 131700000 69542
5 131700000 131750000 66929
5 131750000 131800000 67316
5 131800000 131850000 63467
5 131850000 131900000 74010
5 131900000 131950000 73834
5 131950000 132000000 71089
5 132000000 132050000 68197
5 132050000 132100000 71319
5 132100000 132150000 64516
5 132150000 132200000 69885
5 132200000 132250000 71131
5 132250000 132300000 77158
5 132300000 132350000 73577
5 132350000 132400000 63863
5 132400000 132450000 76337
5 132450000 132500000 65377
5 132500000 132550000 75884
5 132550000 132600000 61270
5 132600000 132650000 59609
5 132650000 132700000 61672
5 132700000 132750000 66256
5 132750000 132800000 64822
5 132800000 132850000 67665
5 132850000 132900000 70094
5 132900000 132950000 66326
5 132950000 133000000 75589
5 133000000 133050000 53641
5 133050000 133100000 62184
5 133100000 133150000 59809
5 133150000 133200000 60326
5 133200000 133250000 64908
5 133250000 133300000 65259
5 133300000 133350000 67109
5 133350000 133400000 69994
5 133400000 133450000 62663
5 133450000 133500000 60170
5 133500000 133550000 71149
5 133550000 133600000 71298
5 133600000 133650000 81001
5 133650000 133700000 75747
5 133700000 133750000 72223
5 133750000 133800000 64163
5 133800000 133850000 62358
5 133850000 133900000 55421
5 133900000 133950000 65288
5 133950000 134000000 70263
5 134000000 134050000 78182
5 134050000 134100000 73929
5 134100000 134150000 71332
5 134150000 134200000 73380
5 134200000 134250000 69176
5 134250000 134300000 70816
5 134300000 134350000 71796
5 134350000 134400000 56197
5 134400000 134450000 63580
5 134450000 134500000 58212
5 134500000 134550000 69384
5 134550000 134600000 63504
5 134600000 134650000 69678
5 134650000 134700000 59568
5 134700000 134750000 63822
5 134750000 134800000 68759
5 134800000 134850000 62380
5 134850000 134900000 69807
5 134900000 134950000 61371
5 134950000 135000000 70916
5 135000000 135050000 70377
5 135050000 135100000 61046
5 135100000 135150000 61455
5 135150000 135200000 59257
5 135200000 135250000 62321
5 135250000 135300000 76061
5 135300000 135350000 76456
5 135350000 135400000 60978
5 135400000 135450000 65805
5 135450000 135500000 78358
5 135500000 135550000 73053
5 135550000 135600000 67824
5 135600000 135650000 66420
5 135650000 135700000 74261
5 135700000 135750000 73876
5 135750000 135800000 76216
5 135800000 135850000 82041
5 135850000 135900000 72760
5 135900000 135950000 73494
5 135950000 136000000 68476
5 136000000 136050000 72521
5 136050000 136100000 71740
5 136100000 136150000 76080
5 136150000 136200000 72343
5 136200000 136250000 74757
5 136250000 136300000 71966
5 136300000 136350000 72372
5 136350000 136400000 68431
5 136400000 136450000 63287
5 136450000 136500000 69088
5 136500000 136550000 67969
5 136550000 136600000 71915
5 136600000 136650000 63601
5 136650000 136700000 60032
5 136700000 136750000 66427
5 136750000 136800000 69652
5 136800000 136850000 62695
5 136850000 136900000 66690
5 136900000 136950000 67677
5 136950000 137000000 65392
5 137000000 137050000 64709
5 137050000 137100000 71082
5 137100000 137150000 79863
5 137150000 137200000 73564
5 137200000 137250000 75274
5 137250000 137300000 83392
5 137300000 137350000 75197
5 137350000 137400000 73617
5 137400000 137450000 67806
5 137450000 137500000 74269
5 137500000 137550000 70324
5 137550000 137600000 62775
5 137600000 137650000 76043
5 137650000 137700000 65339
5 137700000 137750000 74440
5 137750000 137800000 60739
5 137800000 137850000 66440
5 137850000 137900000 71950
5 137900000 137950000 68922
5 137950000 138000000 62598
5 138000000 138050000 70465
5 138050000 138100000 64388
5 138100000 138150000 76661
5 138150000 138200000 74419
5 138200000 138250000 71649
5 138250000 138300000 66700
5 138300000 138350000 70069
5 138350000 138400000 68826
5 138400000 138450000 71398
5 138450000 138500000 68933
5 138500000 138550000 68828
5 138550000 138600000 75634
5 138600000 138650000 71954
5 138650000 138700000 62135
5 138700000 138750000 64037
5 138750000 138800000 48319
5 138800000 138850000 14408
5 138850000 138900000 65017
5 138900000 138950000 75098
5 138950000 139000000 69755
5 139000000 139050000 60530
5 139050000 139100000 50616
5 139100000 139150000 56941
5 139150000 139200000 58286
5 139200000 139250000 58137
5 139250000 139300000 62589
5 139300000 139350000 69950
5 139350000 139400000 65250
5 139400000 139450000 77795
5 139450000 139500000 74691
5 139500000 139550000 64083
5 139550000 139600000 68822
5 139600000 139650000 65379
5 139650000 139700000 75760
5 139700000 139750000 61806
5 139750000 139800000 64677
5 139800000 139850000 74041
5 139850000 139900000 77337
5 139900000 139950000 71965
5 139950000 140000000 65814
5 140000000 140050000 75750
5 140050000 140100000 67649
5 140100000 140150000 77207
5 140150000 140200000 75609
5 140200000 140250000 69976
5 140250000 140300000 77139
5 140300000 140350000 72655
5 140350000 140400000 70976
5 140400000 140450000 75693
5 140450000 140500000 78899
5 140500000 140550000 77691
5 140550000 140600000 88673
5 140600000 140650000 74602
5 140650000 140700000 69394
5 140700000 140750000 63230
5 140750000 140800000 68131
5 140800000 140850000 73091
5 140850000 140900000 63890
5 140900000 140950000 73867
5 140950000 141000000 73268
5 141000000 141050000 56372
5 141050000 141100000 59703
5 141100000 141150000 60664
5 141150000 141200000 59318
5 141200000 141250000 54509
5 141250000 141300000 60879
5 141300000 141350000 60152
5 141350000 141400000 67344
5 141400000 141450000 72428
5 141450000 141500000 63883
5 141500000 141550000 73830
5 141550000 141600000 66414
5 141600000 141650000 66213
5 141650000 141700000 62023
5 141700000 141750000 65734
5 141750000 141800000 67915
5 141800000 141850000 69027
5 141850000 141900000 69177
5 141900000 141950000 72029
5 141950000 142000000 63240
5 142000000 142050000 62215
5 142050000 142100000 62638
5 142100000 142150000 64506
5 142150000 142200000 72006
5 142200000 142250000 68851
5 142250000 142300000 69766
5 142300000 142350000 71630
5 142350000 142400000 66139
5 142400000 142450000 69414
5 142450000 142500000 71758
5 142500000 142550000 68214
5 142550000 142600000 64959
5 142600000 142650000 75722
5 142650000 142700000 78369
5 142700000 142750000 74766
5 142750000 142800000 73095
5 142800000 142850000 78007
5 142850000 142900000 64239
5 142900000 142950000 71990
5 142950000 143000000 70889
5 143000000 143050000 64766
5 143050000 143100000 74996
5 143100000 143150000 72665
5 143150000 143200000 72425
5 143200000 143250000 71172
5 143250000 143300000 72897
5 143300000 143350000 76592
5 143350000 143400000 72510
5 143400000 143450000 68987
5 143450000 143500000 69603
5 143500000 143550000 74520
5 143550000 143600000 76175
5 143600000 143650000 72909
5 143650000 143700000 73224
5 143700000 143750000 67800
5 143750000 143800000 75855
5 143800000 143850000 71811
5 143850000 143900000 73047
5 143900000 143950000 84355
5 143950000 144000000 67010
5 144000000 144050000 76841
5 144050000 144100000 82256
5 144100000 144150000 71402
5 144150000 144200000 76578
5 144200000 144250000 81373
5 144250000 144300000 76472
5 144300000 144350000 78119
5 144350000 144400000 69411
5 144400000 144450000 73678
5 144450000 144500000 69661
5 144500000 144550000 76889
5 144550000 144600000 78809
5 144600000 144650000 73313
5 144650000 144700000 72832
5 144700000 144750000 74793
5 144750000 144800000 72096
5 144800000 144850000 77640
5 144850000 144900000 71339
5 144900000 144950000 73588
5 144950000 145000000 73483
5 145000000 145050000 73268
5 145050000 145100000 74737
5 145100000 145150000 79600
5 145150000 145200000 70743
5 145200000 145250000 70917
5 145250000 145300000 70731
5 145300000 145350000 71659
5 145350000 145400000 70011
5 145400000 145450000 63254
5 145450000 145500000 74438
5 145500000 145550000 74493
5 145550000 145600000 77504
5 145600000 145650000 83034
5 145650000 145700000 76333
5 145700000 145750000 65064
5 145750000 145800000 62105
5 145800000 145850000 81135
5 145850000 145900000 84380
5 145900000 145950000 67665
5 145950000 146000000 77598
5 146000000 146050000 67575
5 146050000 146100000 73039
5 146100000 146150000 65215
5 146150000 146200000 72061
5 146200000 146250000 68913
5 146250000 146300000 71687
5 146300000 146350000 70948
5 146350000 146400000 74793
5 146400000 146450000 75639
5 146450000 146500000 76690
5 146500000 146550000 69592
5 146550000 146600000 70790
5 146600000 146650000 68531
5 146650000 146700000 76511
5 146700000 146750000 68779
5 146750000 146800000 69375
5 146800000 146850000 67983
5 146850000 146900000 73998
5 146900000 146950000 81368
5 146950000 147000000 72699
5 147000000 147050000 74757
5 147050000 147100000 71458
5 147100000 147150000 71519
5 147150000 147200000 76846
5 147200000 147250000 71254
5 147250000 147300000 74676
5 147300000 147350000 71667
5 147350000 147400000 76129
5 147400000 147450000 75524
5 147450000 147500000 78317
5 147500000 147550000 75337
5 147550000 147600000 76151
5 147600000 147650000 78785
5 147650000 147700000 69547
5 147700000 147750000 73768
5 147750000 147800000 71858
5 147800000 147850000 70657
5 147850000 147900000 73871
5 147900000 147950000 68972
5 147950000 148000000 125189
5 148000000 148050000 139698
5 148050000 148100000 137735
5 148100000 148150000 141492
5 148150000 148200000 128100
5 148200000 148250000 123935
5 148250000 148300000 121113
5 148300000 148350000 125196
5 148350000 148400000 121250
5 148400000 148450000 127830
5 148450000 148500000 127197
5 148500000 148550000 124457
5 148550000 148600000 126623
5 148600000 148650000 106975
5 148650000 148700000 114763
5 148700000 148750000 131245
5 148750000 148800000 110266
5 148800000 148850000 118583
5 148850000 148900000 135190
5 148900000 148950000 132290
5 148950000 149000000 129925
5 149000000 149050000 117220
5 149050000 149100000 127229
5 149100000 149150000 117245
5 149150000 149200000 116832
5 149200000 149250000 124376
5 149250000 149300000 121450
5 149300000 149350000 133225
5 149350000 149400000 134211
5 149400000 149450000 120890
5 149450000 149500000 115929
5 149500000 149550000 110236
5 149550000 149600000 112741
5 149600000 149650000 107166
5 149650000 149700000 114144
5 149700000 149750000 115013
5 149750000 149800000 107644
5 149800000 149850000 121038
5 149850000 149900000 109751
5 149900000 149950000 115767
5 149950000 150000000 113910
5 150000000 150050000 105673
5 150050000 150100000 125542
5 150100000 150150000 141738
5 150150000 150200000 132178
5 150200000 150250000 132931
5 150250000 150300000 145938
5 150300000 150350000 137874
5 150350000 150400000 129597
5 150400000 150450000 113069
5 150450000 150500000 113106
5 150500000 150550000 117587
5 150550000 150600000 131972
5 150600000 150650000 114624
5 150650000 150700000 126586
5 150700000 150750000 129346
5 150750000 150800000 130852
5 150800000 150850000 127476
5 150850000 150900000 128922
5 150900000 150950000 115517
5 150950000 151000000 115658
5 151000000 151050000 128361
5 151050000 151100000 113333
5 151100000 151150000 124474
5 151150000 151200000 128834
5 151200000 151250000 133427
5 151250000 151300000 124271
5 151300000 151350000 124152
5 151350000 151400000 135163
5 151400000 151450000 127549
5 151450000 151500000 124265
5 151500000 151550000 124181
5 151550000 151600000 132231
5 151600000 151650000 139757
5 151650000 151700000 123785
5 151700000 151750000 127116
5 151750000 151800000 127815
5 151800000 151850000 134722
5 151850000 151900000 139766
5 151900000 151950000 137413
5 151950000 152000000 141902
5 152000000 152050000 137634
5 152050000 152100000 134236
5 152100000 152150000 142586
5 152150000 152200000 142493
5 152200000 152250000 145579
5 152250000 152300000 128876
5 152300000 152350000 134195
5 152350000 152400000 139555
5 152400000 152450000 132980
5 152450000 152500000 135529
5 152500000 152550000 135427
5 152550000 152600000 132438
5 152600000 152650000 141692
5 152650000 152700000 130951
5 152700000 152750000 131985
5 152750000 152800000 131154
5 152800000 152850000 132147
5 152850000 152900000 113278
5 152900000 152950000 130872
5 152950000 153000000 137442
5 153000000 153050000 116055
5 153050000 153100000 123016
5 153100000 153150000 129336
5 153150000 153200000 125336
5 153200000 153250000 132678
5 153250000 153300000 131701
5 153300000 153350000 128608
5 153350000 153400000 128419
5 153400000 153450000 125813
5 153450000 153500000 127596
5 153500000 153550000 121107
5 153550000 153600000 125541
5 153600000 153650000 123361
5 153650000 153700000 123589
5 153700000 153750000 121536
5 153750000 153800000 114631
5 153800000 153850000 123198
5 153850000 153900000 121505
5 153900000 153950000 124920
5 153950000 154000000 107302
5 154000000 154050000 130227
5 154050000 154100000 123981
5 154100000 154150000 122370
5 154150000 154200000 128820
5 154200000 154250000 131836
5 154250000 154300000 140179
5 154300000 154350000 149630
5 154350000 154400000 127736
5 154400000 154450000 128792
5 154450000 154500000 127232
5 154500000 154550000 130547
5 154550000 154600000 134886
5 154600000 154650000 126516
5 154650000 154700000 128858
5 154700000 154750000 134284
5 154750000 154800000 137430
5 154800000 154850000 134387
5 154850000 154900000 137762
5 154900000 154950000 138205
5 154950000 155000000 132921
5 155000000 155050000 126013
5 155050000 155100000 135302
5 155100000 155150000 104262
5 155150000 155200000 25474
5 155200000 155250000 137260
5 155250000 155300000 137040
5 155300000 155350000 140783
5 155350000 155400000 136293
5 155400000 155450000 143365
5 155450000 155500000 109927
5 155500000 155550000 131516
5 155550000 155600000 134316
5 155600000 155650000 147774
5 155650000 155700000 144027
5 155700000 155750000 143195
5 155750000 155800000 142878
5 155800000 155850000 134746
5 155850000 155900000 141487
5 155900000 155950000 133789
5 155950000 156000000 136045
5 156000000 156050000 134628
5 156050000 156100000 132939
5 156100000 156150000 126644
5 156150000 156200000 141587
5 156200000 156250000 138494
5 156250000 156300000 143586
5 156300000 156350000 137090
5 156350000 156400000 129252
5 156400000 156450000 143980
5 156450000 156500000 132697
5 156500000 156550000 132091
5 156550000 156600000 135523
5 156600000 156650000 130675
5 156650000 156700000 127229
5 156700000 156750000 118899
5 156750000 156800000 123691
5 156800000 156850000 120132
5 156850000 156900000 121776
5 156900000 156950000 117361
5 156950000 157000000 123876
5 157000000 157050000 116093
5 157050000 157100000 137880
5 157100000 157150000 130547
5 157150000 157200000 123335
5 157200000 157250000 143217
5 157250000 157300000 130771
5 157300000 157350000 121841
5 157350000 157400000 128821
5 157400000 157450000 129978
5 157450000 157500000 126506
5 157500000 157550000 128263
5 157550000 157600000 124533
5 157600000 157650000 132932
5 157650000 157700000 139389
5 157700000 157750000 124415
5 157750000 157800000 145883
5 157800000 157850000 130885
5 157850000 157900000 124111
5 157900000 157950000 136207
5 157950000 158000000 139518
5 158000000 158050000 134367
5 158050000 158100000 134246
5 158100000 158150000 124577
5 158150000 158200000 135606
5 158200000 158250000 136635
5 158250000 158300000 124953
5 158300000 158350000 137972
5 158350000 158400000 126981
5 158400000 158450000 129026
5 158450000 158500000 117766
5 158500000 158550000 131234
5 158550000 158600000 138615
5 158600000 158650000 142608
5 158650000 158700000 137581
5 158700000 158750000 133728
5 158750000 158800000 130096
5 158800000 158850000 134317
5 158850000 158900000 124563
5 158900000 158950000 127226
5 158950000 159000000 132500
5 159000000 159050000 133503
5 159050000 159100000 134822
5 159100000 159150000 135175
5 159150000 159200000 129468
5 159200000 159250000 120991
5 159250000 159300000 130349
5 159300000 159350000 117024
5 159350000 159400000 126151
5 159400000 159450000 128106
5 159450000 159500000 140241
5 159500000 159550000 143530
5 159550000 159600000 131582
5 159600000 159650000 123310
5 159650000 159700000 111272
5 159700000 159750000 115699
5 159750000 159800000 120195
5 159800000 159850000 130372
5 159850000 159900000 123946
5 159900000 159950000 116753
5 159950000 160000000 124283
5 160000000 160050000 125205
5 160050000 160100000 124298
5 160100000 160150000 133612
5 160150000 160200000 140677
5 160200000 160250000 127300
5 160250000 160300000 142512
5 160300000 160350000 129722
5 160350000 160400000 120011
5 160400000 160450000 134684
5 160450000 160500000 132350
5 160500000 160550000 136163
5 160550000 160600000 140443
5 160600000 160650000 143812
5 160650000 160700000 137835
5 160700000 160750000 134182
5 160750000 160800000 141923
5 160800000 160850000 140249
5 160850000 160900000 140909
5 160900000 160950000 145249
5 160950000 161000000 137076
5 161000000 161050000 144197
5 161050000 161100000 149727
5 161100000 161150000 145523
5 161150000 161200000 136662
5 161200000 161250000 146646
5 161250000 161300000 149475
5 161300000 161350000 139864
5 161350000 161400000 151386
5 161400000 161450000 148443
5 161450000 161500000 141518
5 161500000 161550000 142401
5 161550000 161600000 141520
5 161600000 161650000 131665
5 161650000 161700000 133784
5 161700000 161750000 133458
5 161750000 161800000 141560
5 161800000 161850000 142941
5 161850000 161900000 133508
5 161900000 161950000 137939
5 161950000 162000000 141791
5 162000000 162050000 142460
5 162050000 162100000 132707
5 162100000 162150000 136402
5 162150000 162200000 131566
5 162200000 162250000 140132
5 162250000 162300000 134291
5 162300000 162350000 143931
5 162350000 162400000 137939
5 162400000 162450000 135693
5 162450000 162500000 136443
5 162500000 162550000 143462
5 162550000 162600000 132510
5 162600000 162650000 135000
5 162650000 162700000 140364
5 162700000 162750000 136811
5 162750000 162800000 121712
5 162800000 162850000 137118
5 162850000 162900000 139517
5 162900000 162950000 145851
5 162950000 163000000 132178
5 163000000 163050000 135353
5 163050000 163100000 129353
5 163100000 163150000 139121
5 163150000 163200000 145200
5 163200000 163250000 140082
5 163250000 163300000 140848
5 163300000 163350000 137258
5 163350000 163400000 143186
5 163400000 163450000 124940
5 163450000 163500000 141665
5 163500000 163550000 147246
5 163550000 163600000 139355
5 163600000 163650000 139994
5 163650000 163700000 132427
5 163700000 163750000 147908
5 163750000 163800000 132037
5 163800000 163850000 144519
5 163850000 163900000 130860
5 163900000 163950000 137290
5 163950000 164000000 137747
5 164000000 164050000 137845
5 164050000 164100000 141423
5 164100000 164150000 136034
5 164150000 164200000 139729
5 164200000 164250000 138915
5 164250000 164300000 144936
5 164300000 164350000 143769
5 164350000 164400000 147056
5 164400000 164450000 146265
5 164450000 164500000 140910
5 164500000 164550000 136659
5 164550000 164600000 133403
5 164600000 164650000 137020
5 164650000 164700000 144657
5 164700000 164750000 145228
5 164750000 164800000 136070
5 164800000 164850000 146195
5 164850000 164900000 140326
5 164900000 164950000 142484
5 164950000 165000000 140136
5 165000000 165050000 136233
5 165050000 165100000 137762
5 165100000 165150000 149007
5 165150000 165200000 137972
5 165200000 165250000 154201
5 165250000 165300000 142283
5 165300000 165350000 142574
5 165350000 165400000 138654
5 165400000 165450000 146190
5 165450000 165500000 133232
5 165500000 165550000 142041
5 165550000 165600000 135126
5 165600000 165650000 147350
5 165650000 165700000 140410
5 165700000 165750000 137300
5 165750000 165800000 138089
5 165800000 165850000 136358
5 165850000 165900000 138211
5 165900000 165950000 141134
5 165950000 166000000 144974
5 166000000 166050000 132389
5 166050000 166100000 141883
5 166100000 166150000 136759
5 166150000 166200000 140166
5 166200000 166250000 138771
5 166250000 166300000 136592
5 166300000 166350000 131329
5 166350000 166400000 129875
5 166400000 166450000 138670
5 166450000 166500000 142891
5 166500000 166550000 134900
5 166550000 166600000 144017
5 166600000 166650000 137209
5 166650000 166700000 132178
5 166700000 166750000 137380
5 166750000 166800000 144608
5 166800000 166850000 141836
5 166850000 166900000 136586
5 166900000 166950000 148927
5 166950000 167000000 135376
5 167000000 167050000 135183
5 167050000 167100000 142032
5 167100000 167150000 132111
5 167150000 167200000 132263
5 167200000 167250000 125501
5 167250000 167300000 129057
5 167300000 167350000 131184
5 167350000 167400000 124928
5 167400000 167450000 124222
5 167450000 167500000 124896
5 167500000 167550000 122632
5 167550000 167600000 121565
5 167600000 167650000 129151
5 167650000 167700000 122104
5 167700000 167750000 121746
5 167750000 167800000 119530
5 167800000 167850000 121724
5 167850000 167900000 120829
5 167900000 167950000 143356
5 167950000 168000000 129658
5 168000000 168050000 128916
5 168050000 168100000 121403
5 168100000 168150000 109731
5 168150000 168200000 119183
5 168200000 168250000 117659
5 168250000 168300000 124662
5 168300000 168350000 122186
5 168350000 168400000 117712
5 168400000 168450000 112828
5 168450000 168500000 130845
5 168500000 168550000 120778
5 168550000 168600000 138268
5 168600000 168650000 117087
5 168650000 168700000 137146
5 168700000 168750000 131790
5 168750000 168800000 140491
5 168800000 168850000 135182
5 168850000 168900000 126827
5 168900000 168950000 140217
5 168950000 169000000 134175
5 169000000 169050000 145339
5 169050000 169100000 133371
5 169100000 169150000 119025
5 169150000 169200000 130436
5 169200000 169250000 114618
5 169250000 169300000 123048
5 169300000 169350000 126762
5 169350000 169400000 131740
5 169400000 169450000 117145
5 169450000 169500000 123706
5 169500000 169550000 123852
5 169550000 169600000 124284
5 169600000 169650000 121197
5 169650000 169700000 135547
5 169700000 169750000 123054
5 169750000 169800000 115068
5 169800000 169850000 116468
5 169850000 169900000 123415
5 169900000 169950000 125226
5 169950000 170000000 118781
5 170000000 170050000 120058
5 170050000 170100000 110087
5 170100000 170150000 123084
5 170150000 170200000 122522
5 170200000 170250000 120870
5 170250000 170300000 133714
5 170300000 170350000 145324
5 170350000 170400000 139106
5 170400000 170450000 148698
5 170450000 170500000 142964
5 170500000 170550000 138348
5 170550000 170600000 142963
5 170600000 170650000 145428
5 170650000 170700000 141393
5 170700000 170750000 121205
5 170750000 170800000 121046
5 170800000 170850000 137881
5 170850000 170900000 105883
5 170900000 170950000 116863
5 170950000 171000000 129826
5 171000000 171050000 120454
5 171050000 171100000 130965
5 171100000 171150000 119116
5 171150000 171200000 133961
5 171200000 171250000 116300
5 171250000 171300000 113954
5 171300000 171350000 129443
5 171350000 171400000 143797
5 171400000 171450000 132858
5 171450000 171500000 120848
5 171500000 171550000 116249
5 171550000 171600000 121478
5 171600000 171650000 126173
5 171650000 171700000 136342
5 171700000 171750000 128899
5 171750000 171800000 116129
5 171800000 171850000 126973
5 171850000 171900000 110233
5 171900000 171950000 127287
5 171950000 172000000 110393
5 172000000 172050000 112446
5 172050000 172100000 121099
5 172100000 172150000 117142
5 172150000 172200000 118164
5 172200000 172250000 119974
5 172250000 172300000 110348
5 172300000 172350000 107948
5 172350000 172400000 116549
5 172400000 172450000 130746
5 172450000 172500000 137338
5 172500000 172550000 143135
5 172550000 172600000 129861
5 172600000 172650000 117497
5 172650000 172700000 122693
5 172700000 172750000 125638
5 172750000 172800000 120566
5 172800000 172850000 118112
5 172850000 172900000 115491
5 172900000 172950000 125542
5 172950000 173000000 121620
5 173000000 173050000 118637
5 173050000 173100000 111358
5 173100000 173150000 109468
5 173150000 173200000 114416
5 173200000 173250000 120034
5 173250000 173300000 127096
5 173300000 173350000 136627
5 173350000 173400000 135125
5 173400000 173450000 134028
5 173450000 173500000 128393
5 173500000 173550000 115753
5 173550000 173600000 132097
5 173600000 173650000 116591
5 173650000 173700000 132859
5 173700000 173750000 114569
5 173750000 173800000 123046
5 173800000 173850000 127486
5 173850000 173900000 133875
5 173900000 173950000 116170
5 173950000 174000000 124206
5 174000000 174050000 130442
5 174050000 174100000 121653
5 174100000 174150000 129029
5 174150000 174200000 117973
5 174200000 174250000 129085
5 174250000 174300000 131603
5 174300000 174350000 126796
5 174350000 174400000 117829
5 174400000 174450000 133545
5 174450000 174500000 135706
5 174500000 174550000 134867
5 174550000 174600000 125571
5 174600000 174650000 127643
5 174650000 174700000 129379
5 174700000 174750000 130424
5 174750000 174800000 126921
5 174800000 174850000 130643
5 174850000 174900000 129209
5 174900000 174950000 133038
5 174950000 175000000 126228
5 175000000 175050000 117984
5 175050000 175100000 120912
5 175100000 175150000 119276
5 175150000 175200000 115647
5 175200000 175250000 125471
5 175250000 175300000 111464
5 175300000 175350000 127916
5 175350000 175400000 166523
5 175400000 175450000 111369
5 175450000 175500000 130891
5 175500000 175550000 125631
5 175550000 175600000 132229
5 175600000 175650000 119899
5 175650000 175700000 138195
5 175700000 175750000 135174
5 175750000 175800000 121011
5 175800000 175850000 117433
5 175850000 175900000 118210
5 175900000 175950000 135134
5 175950000 176000000 109867
5 176000000 176050000 109620
5 176050000 176100000 107107
5 176100000 176150000 109763
5 176150000 176200000 111695
5 176200000 176250000 107196
5 176250000 176300000 100951
5 176300000 176350000 115427
5 176350000 176400000 136171
5 176400000 176450000 126522
5 176450000 176500000 129571
5 176500000 176550000 114956
5 176550000 176600000 127725
5 176600000 176650000 152969
5 176650000 176700000 126717
5 176700000 176750000 112987
5 176750000 176800000 108460
5 176800000 176850000 114455
5 176850000 176900000 103474
5 176900000 176950000 100330
5 176950000 177000000 124838
5 177000000 177050000 125909
5 177050000 177100000 141390
5 177100000 177150000 135083
5 177150000 177200000 126161
5 177200000 177250000 119593
5 177250000 177300000 147161
5 177300000 177350000 90161
5 177350000 177400000 110744
5 177400000 177450000 126585
5 177450000 177500000 117691
5 177500000 177550000 112633
5 177550000 177600000 122491
5 177600000 177650000 121961
5 177650000 177700000 109069
5 177700000 177750000 111594
5 177750000 177800000 106376
5 177800000 177850000 111158
5 177850000 177900000 122190
5 177900000 177950000 122648
5 177950000 178000000 119264
5 178000000 178050000 149687
5 178050000 178100000 123067
5 178100000 178150000 120297
5 178150000 178200000 116119
5 178200000 178250000 112480
5 178250000 178300000 118394
5 178300000 178350000 130965
5 178350000 178400000 133034
5 178400000 178450000 125284
5 178450000 178500000 132439
5 178500000 178550000 129709
5 178550000 178600000 118222
5 178600000 178650000 108982
5 178650000 178700000 110497
5 178700000 178750000 113258
5 178750000 178800000 103026
5 178800000 178850000 119501
5 178850000 178900000 114549
5 178900000 178950000 122769
5 178950000 179000000 128760
5 179000000 179050000 126241
5 179050000 179100000 121843
5 179100000 179150000 131481
5 179150000 179200000 120909
5 179200000 179250000 107105
5 179250000 179300000 118991
5 179300000 179350000 116194
5 179350000 179400000 143636
5 179400000 179450000 131627
5 179450000 179500000 135023
5 179500000 179550000 117489
5 179550000 179600000 130081
5 179600000 179650000 114163
5 179650000 179700000 139896
5 179700000 179750000 122352
5 179750000 179800000 118454
5 179800000 179850000 121299
5 179850000 179900000 115901
5 179900000 179950000 136992
5 179950000 180000000 137970
5 180000000 180050000 111456
5 180050000 180100000 109173
5 180100000 180150000 142743
5 180150000 180200000 139489
5 180200000 180250000 110555
5 180250000 180300000 123899
5 180300000 180350000 129509
5 180350000 180400000 138138
5 180400000 180450000 137933
5 180450000 180500000 128418
5 180500000 180550000 122419
5 180550000 180600000 113901
5 180600000 180650000 110177
5 180650000 180700000 119963
5 180700000 180750000 126911
5 180750000 180800000 106996
5 180800000 180850000 86819
5 180850000 180900000 108227